total=1920 stats={'raw': 412, 'recon': 1508}
idx ZIP kind score sjis
0 1 raw 100.0 1.000
1 1 raw 133.0 1.000
2 1 raw 101.5 1.000
3 1 raw 128.5 1.000
4 2 recon 100.0 1.000
5 2 recon 88.2 0.882
6 2 recon 242.5 1.000
7 2 recon 116.5 1.000
8 2 recon 93.2 0.932
9 2 recon 109.0 1.000
10 2 recon 96.4 0.964
11 2 recon 220.0 1.000
12 2 recon 94.9 0.949
13 2 recon 121.0 1.000
14 1 raw 119.5 1.000
15 2 recon 154.0 1.000
16 2 recon 266.5 1.000
17 2 recon 94.5 0.945
18 2 recon 94.4 0.944
19 2 recon 95.8 0.958
20 2 recon 96.1 0.961
21 2 recon 122.5 1.000
22 2 recon 127.0 1.000
23 2 recon 122.5 1.000
24 2 recon 229.0 1.000
25 1 raw 112.0 1.000
26 1 raw 112.0 1.000
27 1 raw 112.0 1.000
28 2 recon 94.5 0.945
29 2 recon 94.2 0.942
30 2 recon 94.9 0.949
31 2 recon 95.0 0.950
32 2 recon 158.5 1.000
33 1 raw 137.5 1.000
34 2 recon 179.5 1.000
35 2 recon 137.5 1.000
36 2 recon 92.7 0.927
37 2 recon 93.0 0.930
38 2 recon 94.8 0.948
39 2 recon 245.5 1.000
40 2 recon 93.8 0.938
41 2 recon 93.9 0.939
42 2 recon 92.6 0.926
43 1 raw 163.0 1.000
44 2 recon 235.0 1.000
45 2 recon 154.0 1.000
46 2 recon 203.5 1.000
47 2 recon 92.3 0.923
48 2 recon 127.0 1.000
49 2 recon 94.7 0.947
50 1 raw 112.0 1.000
51 1 raw 112.0 1.000
52 1 raw 110.5 1.000
53 1 raw 112.0 1.000
54 2 recon 94.8 0.948
55 2 recon 94.0 0.940
56 1 raw 118.0 1.000
57 2 recon 94.9 0.949
58 2 recon 95.6 0.956
59 2 recon 149.5 1.000
60 2 recon 93.3 0.933
61 2 recon 127.0 1.000
62 2 recon 121.0 1.000
63 1 raw 118.0 1.000
64 1 raw 118.0 1.000
65 1 raw 118.0 1.000
66 1 raw 118.0 1.000
67 1 raw 118.0 1.000
68 2 recon 193.0 1.000
69 2 recon 130.0 1.000
70 2 recon 148.0 1.000
71 2 recon 94.8 0.948
72 2 recon 286.0 1.000
73 2 recon 94.7 0.947
74 1 raw 128.5 1.000
75 2 recon 94.2 0.942
76 2 recon 109.0 1.000
77 2 recon 95.6 0.956
78 2 recon 134.5 1.000
79 2 recon 96.0 0.960
80 2 recon 137.5 1.000
81 2 recon 134.5 1.000
82 2 recon 94.3 0.943
83 2 recon 93.6 0.936
84 2 recon 121.0 1.000
85 2 recon 202.0 1.000
86 2 recon 93.6 0.936
87 2 recon 172.0 1.000
88 2 recon 152.5 1.000
89 2 recon 134.5 1.000
90 2 recon 95.6 0.956
91 2 recon 128.5 1.000
92 2 recon 95.2 0.952
93 2 recon 148.0 1.000
94 2 recon 256.0 1.000
95 1 raw 349.0 1.000
96 1 raw 125.5 1.000
97 2 recon 131.5 1.000
98 2 recon 133.0 1.000
99 2 recon 94.6 0.946
100 2 recon 157.0 1.000
101 1 raw 112.0 1.000
102 1 raw 112.0 1.000
103 1 raw 112.0 1.000
104 1 raw 112.0 1.000
105 1 raw 112.0 1.000
106 2 recon 184.0 1.000
107 2 recon 94.6 0.946
108 2 recon 118.0 1.000
109 1 raw 149.5 1.000
110 2 recon 93.9 0.939
111 2 recon 95.3 0.953
112 2 recon 125.5 1.000
113 2 recon 145.0 1.000
114 2 recon 197.5 1.000
115 2 recon 173.5 1.000
116 2 recon 95.3 0.953
117 2 recon 94.9 0.949
118 2 recon 122.5 1.000
119 2 recon 95.7 0.957
120 2 recon 94.5 0.945
121 1 raw 112.0 1.000
122 1 raw 112.0 1.000
123 1 raw 112.0 1.000
124 1 raw 112.0 1.000
125 2 recon 224.5 1.000
126 2 recon 122.5 1.000
127 2 recon 127.0 1.000
128 2 recon 122.5 1.000
129 2 recon 127.0 1.000
130 2 recon 175.0 1.000
131 2 recon 121.0 1.000
132 1 raw 112.0 1.000
133 1 raw 112.0 1.000
134 1 raw 112.0 1.000
135 1 raw 112.0 1.000
136 1 raw 112.0 1.000
137 2 recon 95.0 0.950
138 1 raw 133.0 1.000
139 2 recon 94.3 0.943
140 2 recon 137.5 1.000
141 2 recon 193.0 1.000
142 2 recon 95.1 0.951
143 2 recon 121.0 1.000
144 2 recon 95.1 0.951
145 2 recon 95.2 0.952
146 2 recon 95.0 0.950
147 2 recon 166.0 1.000
148 2 recon 92.6 0.926
149 1 raw 124.0 1.000
150 1 raw 118.0 1.000
151 2 recon 94.3 0.943
152 2 recon 95.5 0.955
153 2 recon 131.5 1.000
154 2 recon 94.4 0.944
155 2 recon 94.2 0.942
156 2 recon 94.6 0.946
157 1 raw 137.5 1.000
158 1 raw 112.0 1.000
159 1 raw 112.0 1.000
160 2 raw 100.0 1.000
161 1 raw 112.0 1.000
162 2 raw 100.0 1.000
163 2 recon 94.7 0.947
164 2 recon 94.9 0.949
165 2 recon 93.4 0.934
166 2 recon 93.2 0.932
167 2 recon 93.5 0.935
168 2 recon 94.3 0.943
169 1 raw 127.0 1.000
170 2 recon 131.5 1.000
171 2 recon 96.0 0.960
172 1 raw 127.0 1.000
173 2 recon 190.0 1.000
174 1 raw 119.5 1.000
175 1 raw 122.5 1.000
176 1 raw 128.5 1.000
177 1 raw 152.5 1.000
178 2 recon 95.1 0.951
179 1 raw 112.0 1.000
180 1 raw 112.0 1.000
181 1 raw 112.0 1.000
182 1 raw 112.0 1.000
183 2 recon 160.0 1.000
184 2 recon 121.0 1.000
185 1 raw 115.0 1.000
186 2 recon 92.3 0.923
187 2 recon 217.0 1.000
188 2 recon 113.5 1.000
189 2 recon 118.0 1.000
190 2 recon 94.8 0.948
191 2 recon 95.3 0.953
192 2 recon 94.5 0.945
193 2 recon 93.1 0.931
194 2 recon 95.4 0.954
195 2 recon 94.2 0.942
196 2 recon 94.9 0.949
197 2 recon 93.2 0.932
198 2 recon 91.7 0.917
199 2 recon 122.5 1.000
200 2 recon 95.0 0.950
201 2 recon 146.5 1.000
202 2 recon 133.0 1.000
203 1 raw 115.0 1.000
204 2 recon 92.8 0.928
205 1 raw 121.0 1.000
206 2 recon 94.5 0.945
207 2 recon 95.6 0.956
208 2 recon 119.5 1.000
209 2 recon 121.0 1.000
210 2 recon 127.0 1.000
211 2 recon 182.5 1.000
212 2 recon 157.0 1.000
213 2 recon 94.1 0.941
214 2 recon 96.8 0.968
215 2 recon 96.2 0.962
216 2 recon 96.2 0.962
217 2 recon 96.0 0.960
218 2 recon 94.7 0.947
219 2 recon 95.1 0.951
220 2 recon 95.0 0.950
221 2 recon 94.4 0.944
222 1 raw 119.5 1.000
223 2 recon 94.4 0.944
224 2 recon 281.5 1.000
225 2 recon 94.7 0.947
226 1 raw 112.0 1.000
227 1 raw 112.0 1.000
228 1 raw 112.0 1.000
229 1 raw 112.0 1.000
230 1 raw 112.0 1.000
231 2 recon 185.5 1.000
232 2 recon 93.7 0.937
233 2 recon 94.4 0.944
234 2 recon 95.5 0.955
235 2 recon 93.3 0.933
236 2 recon 94.7 0.947
237 2 recon 148.0 1.000
238 2 recon 95.3 0.953
239 2 recon 142.0 1.000
240 1 raw 118.0 1.000
241 2 recon 93.7 0.937
242 2 recon 115.0 1.000
243 2 recon 112.0 1.000
244 2 recon 94.8 0.948
245 2 recon 229.0 1.000
246 2 recon 92.7 0.927
247 2 recon 161.5 1.000
248 1 raw 127.0 1.000
249 2 recon 91.8 0.918
250 2 recon 93.5 0.935
251 2 recon 151.0 1.000
252 2 raw 100.0 1.000
253 2 raw 100.0 1.000
254 2 raw 100.0 1.000
255 2 raw 100.0 1.000
256 2 recon 433.0 1.000
257 1 raw 119.5 1.000
258 1 raw 160.0 1.000
259 2 recon 95.2 0.952
260 2 recon 224.5 1.000
261 2 recon 220.0 1.000
262 2 recon 247.0 1.000
263 2 recon 95.3 0.953
264 2 recon 121.0 1.000
265 2 recon 96.9 0.969
266 1 raw 116.5 1.000
267 1 raw 116.5 1.000
268 1 raw 116.5 1.000
269 2 recon 185.5 1.000
270 2 recon 119.5 1.000
271 2 recon 94.5 0.945
272 2 recon 113.5 1.000
273 2 recon 94.3 0.943
274 2 recon 94.4 0.944
275 2 recon 173.5 1.000
276 2 recon 112.0 1.000
277 2 recon 112.0 1.000
278 2 recon 112.0 1.000
279 2 recon 93.3 0.933
280 2 recon 214.0 1.000
281 1 raw 125.5 1.000
282 2 recon 93.8 0.938
283 2 recon 119.5 1.000
284 2 recon 94.4 0.944
285 2 recon 95.3 0.953
286 2 recon 115.0 1.000
287 2 recon 124.0 1.000
288 2 recon 94.8 0.948
289 2 recon 167.5 1.000
290 2 recon 94.2 0.942
291 2 recon 133.0 1.000
292 2 recon 94.1 0.941
293 2 recon 143.5 1.000
294 1 raw 131.5 1.000
295 2 recon 169.0 1.000
296 1 raw 116.5 1.000
297 2 recon 119.5 1.000
298 1 raw 122.5 1.000
299 2 recon 94.8 0.948
300 2 recon 94.1 0.941
301 2 recon 93.4 0.934
302 2 recon 124.0 1.000
303 2 recon 94.4 0.944
304 2 recon 185.5 1.000
305 2 recon 95.3 0.953
306 2 recon 124.0 1.000
307 2 recon 95.2 0.952
308 2 recon 125.5 1.000
309 1 raw 118.0 1.000
310 2 recon 95.1 0.951
311 1 raw 130.0 1.000
312 2 recon 93.5 0.935
313 1 raw 118.0 1.000
314 2 recon 94.3 0.943
315 1 raw 112.0 1.000
316 1 raw 112.0 1.000
317 1 raw 112.0 1.000
318 1 raw 112.0 1.000
319 2 raw 100.0 1.000
320 2 recon 197.5 1.000
321 2 recon 95.6 0.956
322 2 recon 94.7 0.947
323 2 recon 125.5 1.000
324 2 recon 119.5 1.000
325 2 recon 172.0 1.000
326 2 recon 134.5 1.000
327 2 recon 121.0 1.000
328 2 recon 94.7 0.947
329 1 raw 128.5 1.000
330 2 recon 93.7 0.937
331 2 recon 115.0 1.000
332 2 recon 118.0 1.000
333 2 recon 93.3 0.933
334 2 recon 163.0 1.000
335 2 recon 91.7 0.917
336 2 raw 100.0 1.000
337 2 raw 100.0 1.000
338 2 raw 100.0 1.000
339 2 raw 100.0 1.000
340 2 raw 100.0 1.000
341 1 raw 191.5 1.000
342 2 recon 181.0 1.000
343 2 recon 110.5 1.000
344 2 recon 94.4 0.944
345 1 raw 130.0 1.000
346 1 raw 127.0 1.000
347 1 raw 124.0 1.000
348 2 recon 193.0 1.000
349 2 recon 179.5 1.000
350 1 raw 122.5 1.000
351 2 recon 97.0 0.970
352 2 recon 119.5 1.000
353 2 recon 95.8 0.958
354 2 recon 94.3 0.943
355 2 recon 93.6 0.936
356 1 raw 112.0 1.000
357 1 raw 112.0 1.000
358 1 raw 112.0 1.000
359 1 raw 112.0 1.000
360 2 recon 94.1 0.941
361 2 recon 128.5 1.000
362 2 recon 94.5 0.945
363 2 recon 133.0 1.000
364 2 recon 128.5 1.000
365 2 recon 94.3 0.943
366 2 recon 115.0 1.000
367 2 recon 115.0 1.000
368 2 recon 121.0 1.000
369 2 recon 133.0 1.000
370 2 recon 182.5 1.000
371 2 recon 121.0 1.000
372 2 recon 96.2 0.962
373 2 recon 95.8 0.958
374 1 raw 142.0 1.000
375 2 recon 95.0 0.950
376 1 raw 127.0 1.000
377 2 recon 127.0 1.000
378 2 recon 124.0 1.000
379 2 recon 94.6 0.946
380 2 recon 94.8 0.948
381 2 recon 127.0 1.000
382 1 raw 130.0 1.000
383 2 recon 131.5 1.000
384 2 recon 133.0 1.000
385 2 recon 218.5 1.000
386 2 recon 93.9 0.939
387 2 recon 115.0 1.000
388 2 recon 115.0 1.000
389 2 recon 164.5 1.000
390 2 recon 93.6 0.936
391 2 recon 118.0 1.000
392 1 raw 124.0 1.000
393 1 raw 121.0 1.000
394 2 recon 220.0 1.000
395 2 recon 93.5 0.935
396 2 recon 92.8 0.928
397 2 recon 116.5 1.000
398 2 recon 118.0 1.000
399 2 recon 94.1 0.941
400 2 recon 94.0 0.940
401 2 recon 93.4 0.934
402 2 recon 94.8 0.948
403 1 raw 155.5 1.000
404 2 recon 95.4 0.954
405 2 recon 93.4 0.934
406 2 recon 95.2 0.952
407 2 recon 125.5 1.000
408 2 recon 145.0 1.000
409 1 raw 166.0 1.000
410 2 recon 95.0 0.950
411 2 recon 93.6 0.936
412 2 recon 154.0 1.000
413 2 recon 95.4 0.954
414 2 recon 119.5 1.000
415 2 recon 95.2 0.952
416 2 recon 149.5 1.000
417 2 recon 94.2 0.942
418 1 raw 113.5 1.000
419 1 raw 170.5 1.000
420 2 recon 94.8 0.948
421 2 recon 229.0 1.000
422 1 raw 119.5 1.000
423 1 raw 125.5 1.000
424 3 raw 93.9 0.939
425 2 recon 209.5 1.000
426 2 recon 215.5 1.000
427 2 recon 389.5 1.000
428 2 recon 94.8 0.948
429 2 recon 95.1 0.951
430 2 recon 94.5 0.945
431 2 recon 93.3 0.933
432 2 recon 96.0 0.960
433 1 raw 118.0 1.000
434 1 raw 118.0 1.000
435 2 recon 164.5 1.000
436 2 recon 93.9 0.939
437 2 recon 97.5 0.975
438 2 recon 91.5 0.915
439 2 recon 131.5 1.000
440 1 raw 115.0 1.000
441 2 recon 319.0 1.000
442 1 raw 122.5 1.000
443 2 recon 93.7 0.937
444 1 raw 119.5 1.000
445 2 recon 94.4 0.944
446 2 recon 92.3 0.923
447 2 raw 100.0 1.000
448 1 raw 112.0 1.000
449 2 raw 100.0 1.000
450 1 raw 112.0 1.000
451 2 recon 113.5 1.000
452 2 recon 133.0 1.000
453 1 raw 124.0 1.000
454 2 recon 93.9 0.939
455 2 recon 94.3 0.943
456 2 recon 164.5 1.000
457 2 recon 112.0 1.000
458 2 recon 93.0 0.930
459 2 recon 93.3 0.933
460 2 recon 94.0 0.940
461 2 recon 95.1 0.951
462 2 recon 91.9 0.919
463 1 raw 116.5 1.000
464 2 recon 116.5 1.000
465 2 recon 131.5 1.000
466 1 raw 137.5 1.000
467 2 recon 176.5 1.000
468 2 recon 125.5 1.000
469 1 raw 130.0 1.000
470 1 raw 136.0 1.000
471 2 recon 88.5 0.885
472 2 recon 247.0 1.000
473 2 recon 245.5 1.000
474 1 raw 119.5 1.000
475 2 recon 93.5 0.935
476 2 recon 91.6 0.916
477 2 recon 94.1 0.941
478 2 recon 158.5 1.000
479 1 raw 134.5 1.000
480 2 recon 128.5 1.000
481 1 raw 128.5 1.000
482 1 raw 128.5 1.000
483 2 recon 94.1 0.941
484 2 recon 93.2 0.932
485 2 recon 94.7 0.947
486 2 recon 93.9 0.939
487 2 recon 122.5 1.000
488 2 recon 90.5 0.905
489 2 recon 166.0 1.000
490 2 recon 121.0 1.000
491 1 raw 116.5 1.000
492 1 raw 116.5 1.000
493 2 recon 118.0 1.000
494 1 raw 115.0 1.000
495 2 recon 133.0 1.000
496 1 raw 128.5 1.000
497 1 raw 130.0 1.000
498 1 raw 124.0 1.000
499 1 raw 118.0 1.000
500 2 recon 93.6 0.936
501 1 raw 119.5 1.000
502 2 recon 91.2 0.912
503 2 recon 95.6 0.956
504 2 recon 93.4 0.934
505 2 recon 94.5 0.945
506 1 raw 125.5 1.000
507 1 raw 124.0 1.000
508 1 raw 125.5 1.000
509 1 raw 116.5 1.000
510 2 recon 179.5 1.000
511 1 raw 130.0 1.000
512 1 raw 131.5 1.000
513 1 raw 130.0 1.000
514 1 raw 118.0 1.000
515 1 raw 149.5 1.000
516 2 recon 95.5 0.955
517 2 recon 266.5 1.000
518 1 raw 124.0 1.000
519 1 raw 158.5 1.000
520 1 raw 118.0 1.000
521 1 raw 131.5 1.000
522 2 recon 94.2 0.942
523 2 recon 115.0 1.000
524 2 recon 94.8 0.948
525 2 recon 93.1 0.931
526 1 raw 263.5 1.000
527 2 recon 244.0 1.000
528 1 raw 115.0 1.000
529 1 raw 121.0 1.000
530 2 recon 93.3 0.933
531 1 raw 127.0 1.000
532 2 recon 95.4 0.954
533 1 raw 191.5 1.000
534 2 recon 93.2 0.932
535 2 recon 113.5 1.000
536 2 recon 110.5 1.000
537 2 recon 196.0 1.000
538 2 recon 94.0 0.940
539 2 recon 262.0 1.000
540 2 recon 146.5 1.000
541 2 recon 92.8 0.928
542 2 recon 92.6 0.926
543 2 recon 146.5 1.000
544 2 recon 95.6 0.956
545 2 recon 131.5 1.000
546 2 recon 97.0 0.970
547 1 raw 115.0 1.000
548 2 recon 93.3 0.933
549 2 recon 93.3 0.933
550 1 raw 122.5 1.000
551 1 raw 127.0 1.000
552 1 raw 127.0 1.000
553 2 recon 92.6 0.926
554 2 recon 110.5 1.000
555 2 recon 124.0 1.000
556 2 recon 94.7 0.947
557 2 recon 124.0 1.000
558 2 recon 140.5 1.000
559 2 recon 146.5 1.000
560 2 recon 92.1 0.921
561 2 recon 94.3 0.943
562 2 recon 122.5 1.000
563 2 recon 193.0 1.000
564 1 raw 112.0 1.000
565 1 raw 112.0 1.000
566 1 raw 112.0 1.000
567 1 raw 112.0 1.000
568 2 recon 118.0 1.000
569 2 recon 122.5 1.000
570 1 raw 118.0 1.000
571 2 recon 131.5 1.000
572 2 recon 94.2 0.942
573 2 recon 184.0 1.000
574 1 raw 113.5 1.000
575 1 raw 118.0 1.000
576 1 raw 119.5 1.000
577 2 recon 142.0 1.000
578 2 recon 93.0 0.930
579 1 raw 115.0 1.000
580 2 recon 95.7 0.957
581 2 recon 118.0 1.000
582 2 recon 95.7 0.957
583 2 recon 95.5 0.955
584 2 recon 95.0 0.950
585 2 recon 118.0 1.000
586 1 raw 118.0 1.000
587 2 recon 148.0 1.000
588 2 recon 172.0 1.000
589 2 raw 100.0 1.000
590 2 raw 100.0 1.000
591 2 raw 100.0 1.000
592 2 raw 100.0 1.000
593 1 raw 242.5 1.000
594 2 recon 92.2 0.922
595 2 recon 94.5 0.945
596 2 recon 94.7 0.947
597 2 recon 96.0 0.960
598 1 raw 175.0 1.000
599 2 recon 94.4 0.944
600 1 raw 107.5 1.000
601 1 raw 107.5 1.000
602 1 raw 107.5 1.000
603 1 raw 107.5 1.000
604 2 recon 92.5 0.925
605 2 recon 121.0 1.000
606 2 recon 93.8 0.938
607 2 recon 94.0 0.940
608 2 recon 93.5 0.935
609 2 recon 93.1 0.931
610 2 recon 94.5 0.945
611 2 recon 127.0 1.000
612 2 recon 131.5 1.000
613 2 recon 95.0 0.950
614 2 recon 94.0 0.940
615 1 raw 133.0 1.000
616 2 recon 91.3 0.913
617 2 recon 93.1 0.931
618 2 recon 94.2 0.942
619 1 raw 166.0 1.000
620 2 recon 95.4 0.954
621 2 recon 93.7 0.937
622 2 recon 127.0 1.000
623 2 recon 314.5 1.000
624 2 recon 185.5 1.000
625 2 recon 95.8 0.958
626 2 recon 95.2 0.952
627 2 recon 121.0 1.000
628 2 recon 157.0 1.000
629 2 recon 115.0 1.000
630 2 recon 127.0 1.000
631 2 recon 134.5 1.000
632 2 recon 124.0 1.000
633 2 recon 166.0 1.000
634 1 raw 203.5 1.000
635 2 recon 193.0 1.000
636 2 recon 95.5 0.955
637 2 recon 125.5 1.000
638 2 recon 125.5 1.000
639 2 recon 133.0 1.000
640 2 recon 167.5 1.000
641 2 recon 193.0 1.000
642 2 recon 139.0 1.000
643 2 recon 95.9 0.959
644 2 recon 94.2 0.942
645 2 recon 122.5 1.000
646 2 recon 181.0 1.000
647 1 raw 107.5 1.000
648 2 recon 93.8 0.938
649 2 recon 137.5 1.000
650 2 recon 118.0 1.000
651 2 recon 91.0 0.910
652 2 recon 146.5 1.000
653 2 recon 93.9 0.939
654 1 raw 272.5 1.000
655 2 recon 94.6 0.946
656 1 raw 122.5 1.000
657 1 raw 118.0 1.000
658 1 raw 116.5 1.000
659 2 recon 172.0 1.000
660 2 recon 93.3 0.933
661 2 recon 95.5 0.955
662 1 raw 136.0 1.000
663 2 recon 155.5 1.000
664 1 raw 100.0 1.000
665 2 recon 93.8 0.938
666 2 recon 116.5 1.000
667 1 raw 113.5 1.000
668 2 recon 121.0 1.000
669 1 raw 172.0 1.000
670 2 recon 155.5 1.000
671 2 recon 121.0 1.000
672 2 recon 119.5 1.000
673 2 recon 94.2 0.942
674 2 recon 94.7 0.947
675 2 recon 229.0 1.000
676 2 recon 137.5 1.000
677 2 recon 94.9 0.949
678 1 raw 133.0 1.000
679 1 raw 166.0 1.000
680 2 recon 94.1 0.941
681 1 raw 127.0 1.000
682 1 raw 128.5 1.000
683 1 raw 127.0 1.000
684 2 recon 124.0 1.000
685 2 recon 95.4 0.954
686 2 recon 95.4 0.954
687 1 raw 130.0 1.000
688 2 recon 94.8 0.948
689 2 recon 182.5 1.000
690 2 recon 146.5 1.000
691 2 recon 94.1 0.941
692 2 recon 119.5 1.000
693 2 recon 119.5 1.000
694 2 recon 95.2 0.952
695 2 recon 96.3 0.963
696 2 recon 94.2 0.942
697 2 recon 119.5 1.000
698 2 recon 95.4 0.954
699 2 recon 119.5 1.000
700 1 raw 146.5 1.000
701 2 recon 94.7 0.947
702 2 recon 94.3 0.943
703 2 recon 127.0 1.000
704 2 recon 94.8 0.948
705 2 recon 227.5 1.000
706 2 recon 314.5 1.000
707 2 recon 95.1 0.951
708 2 recon 95.1 0.951
709 1 raw 157.0 1.000
710 1 raw 152.5 1.000
711 1 raw 157.0 1.000
712 2 recon 92.8 0.928
713 2 recon 152.5 1.000
714 1 raw 119.5 1.000
715 2 recon 93.7 0.937
716 1 raw 122.5 1.000
717 2 recon 154.0 1.000
718 2 recon 94.5 0.945
719 2 recon 109.0 1.000
720 2 recon 94.7 0.947
721 2 recon 109.0 1.000
722 2 recon 140.5 1.000
723 2 recon 95.0 0.950
724 2 recon 118.0 1.000
725 2 recon 93.9 0.939
726 2 recon 118.0 1.000
727 2 recon 95.3 0.953
728 2 recon 169.0 1.000
729 2 recon 95.5 0.955
730 2 recon 125.5 1.000
731 1 raw 122.5 1.000
732 2 recon 94.5 0.945
733 2 recon 95.3 0.953
734 2 recon 119.5 1.000
735 1 raw 113.5 1.000
736 2 recon 94.6 0.946
737 2 recon 95.0 0.950
738 2 recon 97.3 0.973
739 2 recon 200.5 1.000
740 2 recon 95.2 0.952
741 2 recon 116.5 1.000
742 2 recon 95.2 0.952
743 2 recon 95.0 0.950
744 2 recon 121.0 1.000
745 2 recon 94.8 0.948
746 2 recon 118.0 1.000
747 2 recon 118.0 1.000
748 2 recon 92.8 0.928
749 2 recon 250.0 1.000
750 2 recon 94.4 0.944
751 2 recon 125.5 1.000
752 2 recon 95.9 0.959
753 2 recon 124.0 1.000
754 2 recon 128.5 1.000
755 2 recon 142.0 1.000
756 2 recon 94.4 0.944
757 2 recon 157.0 1.000
758 1 raw 110.5 1.000
759 2 recon 139.0 1.000
760 2 recon 134.5 1.000
761 2 recon 137.5 1.000
762 2 recon 142.0 1.000
763 2 recon 208.0 1.000
764 2 recon 94.9 0.949
765 2 recon 278.5 1.000
766 2 recon 181.0 1.000
767 2 recon 139.0 1.000
768 1 raw 254.5 1.000
769 2 recon 382.0 1.000
770 2 recon 95.5 0.955
771 2 recon 457.0 1.000
772 2 recon 127.0 1.000
773 2 recon 136.0 1.000
774 2 recon 130.0 1.000
775 1 raw 155.5 1.000
776 2 recon 256.0 1.000
777 2 recon 119.5 1.000
778 2 recon 93.7 0.937
779 2 recon 95.4 0.954
780 3 raw 94.5 0.945
781 2 recon 94.7 0.947
782 2 recon 96.8 0.968
783 2 recon 127.0 1.000
784 2 recon 92.3 0.923
785 2 recon 116.5 1.000
786 2 recon 93.9 0.939
787 2 recon 124.0 1.000
788 2 recon 146.5 1.000
789 2 recon 93.2 0.932
790 2 recon 142.0 1.000
791 2 recon 94.3 0.943
792 2 recon 97.0 0.970
793 2 recon 130.0 1.000
794 2 recon 121.0 1.000
795 2 recon 93.2 0.932
796 1 raw 112.0 1.000
797 1 raw 112.0 1.000
798 1 raw 112.0 1.000
799 1 raw 112.0 1.000
800 2 recon 200.5 1.000
801 1 raw 118.0 1.000
802 1 raw 118.0 1.000
803 1 raw 118.0 1.000
804 1 raw 178.0 1.000
805 2 recon 146.5 1.000
806 2 recon 93.6 0.936
807 2 recon 127.0 1.000
808 2 recon 148.0 1.000
809 2 recon 134.5 1.000
810 1 raw 143.5 1.000
811 2 recon 94.7 0.947
812 2 recon 94.5 0.945
813 3 raw 94.9 0.949
814 2 recon 127.0 1.000
815 2 recon 95.6 0.956
816 1 raw 143.5 1.000
817 2 recon 467.5 1.000
818 2 recon 220.0 1.000
819 2 recon 94.2 0.942
820 1 raw 125.5 1.000
821 1 raw 149.5 1.000
822 1 raw 110.5 1.000
823 1 raw 215.5 1.000
824 2 recon 95.2 0.952
825 1 raw 142.0 1.000
826 1 raw 140.5 1.000
827 1 raw 139.0 1.000
828 1 raw 122.5 1.000
829 2 recon 127.0 1.000
830 2 recon 136.0 1.000
831 2 recon 94.0 0.940
832 2 recon 94.4 0.944
833 2 recon 172.0 1.000
834 2 recon 178.0 1.000
835 2 recon 118.0 1.000
836 2 recon 96.4 0.964
837 2 recon 130.0 1.000
838 2 recon 139.0 1.000
839 2 recon 94.3 0.943
840 2 recon 94.1 0.941
841 2 recon 118.0 1.000
842 2 recon 124.0 1.000
843 1 raw 128.5 1.000
844 2 recon 214.0 1.000
845 2 recon 118.0 1.000
846 2 recon 95.4 0.954
847 2 recon 118.0 1.000
848 2 recon 203.5 1.000
849 2 recon 93.9 0.939
850 2 recon 95.8 0.958
851 2 recon 95.2 0.952
852 2 recon 92.1 0.921
853 1 raw 146.5 1.000
854 2 recon 151.0 1.000
855 2 recon 96.0 0.960
856 2 recon 110.5 1.000
857 2 recon 94.1 0.941
858 1 raw 115.0 1.000
859 2 recon 116.5 1.000
860 2 recon 93.5 0.935
861 2 recon 94.4 0.944
862 2 recon 92.1 0.921
863 2 recon 107.5 1.000
864 2 recon 92.8 0.928
865 1 raw 106.0 1.000
866 1 raw 140.5 1.000
867 2 recon 94.6 0.946
868 2 recon 93.8 0.938
869 1 raw 128.5 1.000
870 2 recon 93.9 0.939
871 1 raw 124.0 1.000
872 2 recon 143.5 1.000
873 2 recon 95.6 0.956
874 2 recon 95.5 0.955
875 1 raw 116.5 1.000
876 1 raw 116.5 1.000
877 2 recon 128.5 1.000
878 1 raw 134.5 1.000
879 2 recon 136.0 1.000
880 1 raw 116.5 1.000
881 2 recon 94.1 0.941
882 1 raw 122.5 1.000
883 1 raw 124.0 1.000
884 2 recon 94.4 0.944
885 2 recon 119.5 1.000
886 2 recon 122.5 1.000
887 2 recon 122.5 1.000
888 1 raw 125.5 1.000
889 2 recon 217.0 1.000
890 1 raw 118.0 1.000
891 2 recon 131.5 1.000
892 2 recon 94.9 0.949
893 1 raw 127.0 1.000
894 2 recon 94.8 0.948
895 1 raw 179.5 1.000
896 2 recon 136.0 1.000
897 1 raw 137.5 1.000
898 2 recon 94.6 0.946
899 2 recon 94.6 0.946
900 1 raw 212.5 1.000
901 2 recon 94.8 0.948
902 2 recon 118.0 1.000
903 2 recon 257.5 1.000
904 2 recon 94.7 0.947
905 2 recon 94.7 0.947
906 2 recon 124.0 1.000
907 2 recon 178.0 1.000
908 2 recon 94.1 0.941
909 1 raw 116.5 1.000
910 1 raw 116.5 1.000
911 1 raw 116.5 1.000
912 2 recon 94.2 0.943
913 2 recon 115.0 1.000
914 2 recon 110.5 1.000
915 2 recon 95.9 0.959
916 2 recon 116.5 1.000
917 2 recon 161.5 1.000
918 2 recon 93.2 0.932
919 2 recon 118.0 1.000
920 2 recon 90.3 0.903
921 2 recon 128.5 1.000
922 1 raw 157.0 1.000
923 1 raw 112.0 1.000
924 1 raw 112.0 1.000
925 1 raw 112.0 1.000
926 1 raw 112.0 1.000
927 2 recon 93.7 0.937
928 2 recon 92.3 0.923
929 2 recon 92.3 0.923
930 2 recon 110.5 1.000
931 2 recon 164.5 1.000
932 2 recon 182.5 1.000
933 2 recon 409.0 1.000
934 2 recon 94.4 0.944
935 2 recon 95.0 0.950
936 2 recon 94.9 0.949
937 2 recon 137.5 1.000
938 1 raw 125.5 1.000
939 1 raw 433.0 1.000
940 2 recon 93.7 0.937
941 2 recon 124.0 1.000
942 2 recon 92.2 0.922
943 2 recon 93.7 0.937
944 2 recon 95.2 0.952
945 2 recon 202.0 1.000
946 2 recon 163.0 1.000
947 2 recon 95.0 0.950
948 2 recon 131.5 1.000
949 2 recon 94.8 0.948
950 2 recon 158.5 1.000
951 2 recon 93.6 0.936
952 2 recon 118.0 1.000
953 2 recon 94.7 0.947
954 2 recon 124.0 1.000
955 1 raw 209.5 1.000
956 1 raw 269.5 1.000
957 2 recon 116.5 1.000
958 1 raw 122.5 1.000
959 1 raw 121.0 1.000
960 2 recon 94.7 0.947
961 2 recon 93.2 0.932
962 1 raw 122.5 1.000
963 2 recon 125.5 1.000
964 2 recon 93.6 0.936
965 2 recon 227.5 1.000
966 2 recon 380.5 1.000
967 2 recon 93.3 0.933
968 2 recon 92.3 0.923
969 2 recon 94.3 0.943
970 2 recon 92.6 0.926
971 2 recon 149.5 1.000
972 2 recon 293.5 1.000
973 2 recon 118.0 1.000
974 2 recon 143.5 1.000
975 2 recon 96.2 0.962
976 2 recon 93.7 0.937
977 2 recon 143.5 1.000
978 2 recon 95.2 0.952
979 2 recon 96.0 0.960
980 2 recon 146.5 1.000
981 2 recon 94.6 0.946
982 2 recon 131.5 1.000
983 2 recon 128.5 1.000
984 2 recon 134.5 1.000
985 2 recon 137.5 1.000
986 2 recon 95.4 0.954
987 2 recon 94.0 0.940
988 2 recon 146.5 1.000
989 2 recon 136.0 1.000
990 2 recon 94.0 0.940
991 2 recon 90.9 0.909
992 1 raw 124.0 1.000
993 2 recon 92.2 0.922
994 2 recon 94.5 0.945
995 2 recon 93.3 0.933
996 2 recon 93.6 0.936
997 1 raw 116.5 1.000
998 2 recon 91.6 0.916
999 2 recon 265.0 1.000
1000 2 recon 93.1 0.931
1001 2 recon 124.0 1.000
1002 2 recon 121.0 1.000
1003 2 recon 93.4 0.934
1004 2 recon 91.1 0.911
1005 1 raw 118.0 1.000
1006 2 recon 125.5 1.000
1007 2 recon 93.0 0.930
1008 2 recon 94.9 0.949
1009 2 recon 139.0 1.000
1010 2 recon 122.5 1.000
1011 2 recon 127.0 1.000
1012 2 recon 94.3 0.943
1013 1 raw 139.0 1.000
1014 2 recon 95.0 0.950
1015 2 recon 134.5 1.000
1016 2 recon 124.0 1.000
1017 2 recon 94.4 0.944
1018 2 recon 95.9 0.959
1019 2 recon 92.5 0.925
1020 2 recon 92.7 0.927
1021 2 recon 84.7 0.847
1022 2 recon 90.8 0.908
1023 2 recon 96.0 0.960
1024 2 recon 215.5 1.000
1025 2 recon 130.0 1.000
1026 2 recon 95.2 0.952
1027 2 recon 124.0 1.000
1028 1 raw 124.0 1.000
1029 2 recon 93.7 0.937
1030 2 recon 91.8 0.918
1031 2 recon 94.1 0.941
1032 2 recon 121.0 1.000
1033 1 raw 155.5 1.000
1034 2 recon 178.0 1.000
1035 2 recon 151.0 1.000
1036 2 recon 151.0 1.000
1037 2 recon 145.0 1.000
1038 2 recon 96.3 0.963
1039 2 recon 133.0 1.000
1040 2 recon 128.5 1.000
1041 2 recon 121.0 1.000
1042 2 recon 92.0 0.920
1043 2 recon 93.7 0.937
1044 2 recon 206.5 1.000
1045 2 recon 92.7 0.927
1046 2 recon 163.0 1.000
1047 2 recon 128.5 1.000
1048 1 raw 161.5 1.000
1049 2 recon 157.0 1.000
1050 2 recon 95.3 0.953
1051 2 recon 118.0 1.000
1052 2 recon 125.5 1.000
1053 2 recon 187.0 1.000
1054 2 recon 122.5 1.000
1055 2 recon 94.0 0.940
1056 2 recon 95.4 0.954
1057 2 recon 131.5 1.000
1058 2 recon 95.9 0.959
1059 2 recon 169.0 1.000
1060 2 recon 142.0 1.000
1061 2 recon 93.2 0.932
1062 2 recon 137.5 1.000
1063 1 raw 115.0 1.000
1064 2 recon 149.5 1.000
1065 2 recon 119.5 1.000
1066 2 recon 116.5 1.000
1067 2 recon 116.5 1.000
1068 2 recon 94.7 0.947
1069 2 recon 93.5 0.935
1070 2 recon 118.0 1.000
1071 2 recon 94.4 0.944
1072 2 recon 118.0 1.000
1073 2 recon 93.6 0.936
1074 2 recon 136.0 1.000
1075 2 recon 95.1 0.951
1076 2 recon 121.0 1.000
1077 2 recon 121.0 1.000
1078 2 recon 139.0 1.000
1079 2 recon 95.0 0.950
1080 2 recon 93.6 0.936
1081 2 recon 110.5 1.000
1082 2 recon 112.0 1.000
1083 2 recon 118.0 1.000
1084 2 recon 95.3 0.953
1085 2 recon 95.1 0.951
1086 2 recon 122.5 1.000
1087 2 recon 118.0 1.000
1088 2 recon 95.2 0.952
1089 2 recon 182.5 1.000
1090 2 recon 122.5 1.000
1091 2 recon 121.0 1.000
1092 2 recon 115.0 1.000
1093 2 recon 143.5 1.000
1094 2 recon 94.4 0.944
1095 2 recon 95.9 0.959
1096 2 recon 95.3 0.953
1097 2 recon 124.0 1.000
1098 2 recon 91.1 0.911
1099 2 recon 244.0 1.000
1100 2 recon 96.3 0.963
1101 2 recon 124.0 1.000
1102 2 recon 94.7 0.947
1103 2 recon 140.5 1.000
1104 2 recon 151.0 1.000
1105 2 recon 116.5 1.000
1106 2 recon 110.5 1.000
1107 2 recon 113.5 1.000
1108 2 recon 122.5 1.000
1109 2 recon 173.5 1.000
1110 2 recon 113.5 1.000
1111 2 recon 94.0 0.940
1112 2 recon 94.1 0.941
1113 1 raw 121.0 1.000
1114 2 recon 173.5 1.000
1115 2 recon 94.7 0.947
1116 1 raw 121.0 1.000
1117 2 recon 93.7 0.937
1118 2 recon 95.2 0.952
1119 2 recon 176.5 1.000
1120 2 recon 93.0 0.930
1121 2 recon 130.0 1.000
1122 2 recon 91.7 0.917
1123 1 raw 125.5 1.000
1124 2 recon 152.5 1.000
1125 1 raw 116.5 1.000
1126 1 raw 121.0 1.000
1127 2 recon 91.3 0.913
1128 2 recon 94.3 0.943
1129 2 recon 167.5 1.000
1130 2 recon 119.5 1.000
1131 2 recon 119.5 1.000
1132 2 recon 121.0 1.000
1133 2 recon 136.0 1.000
1134 2 recon 254.5 1.000
1135 2 recon 115.0 1.000
1136 2 recon 94.6 0.946
1137 2 recon 92.7 0.927
1138 1 raw 124.0 1.000
1139 2 recon 94.7 0.947
1140 1 raw 115.0 1.000
1141 2 recon 94.9 0.949
1142 1 raw 113.5 1.000
1143 1 raw 124.0 1.000
1144 2 recon 256.0 1.000
1145 2 recon 115.0 1.000
1146 2 recon 94.8 0.948
1147 2 recon 93.3 0.933
1148 3 raw 100.0 1.000
1149 2 recon 263.5 1.000
1150 2 recon 118.0 1.000
1151 2 recon 113.5 1.000
1152 2 recon 87.4 0.874
1153 1 raw 124.0 1.000
1154 2 recon 257.5 1.000
1155 2 recon 115.0 1.000
1156 1 raw 112.0 1.000
1157 2 recon 89.9 0.899
1158 1 raw 124.0 1.000
1159 2 recon 283.0 1.000
1160 2 recon 91.6 0.916
1161 2 recon 113.5 1.000
1162 2 recon 93.0 0.930
1163 1 raw 124.0 1.000
1164 2 recon 197.5 1.000
1165 2 recon 92.8 0.928
1166 2 recon 124.0 1.000
1167 2 recon 122.5 1.000
1168 2 recon 91.5 0.915
1169 2 recon 145.0 1.000
1170 2 recon 124.0 1.000
1171 2 recon 128.5 1.000
1172 2 recon 94.7 0.947
1173 2 recon 157.0 1.000
1174 2 recon 157.0 1.000
1175 2 recon 118.0 1.000
1176 2 recon 115.0 1.000
1177 2 recon 115.0 1.000
1178 2 recon 93.8 0.938
1179 2 recon 94.7 0.947
1180 2 recon 95.8 0.958
1181 2 recon 95.1 0.951
1182 2 recon 94.1 0.941
1183 1 raw 128.5 1.000
1184 2 recon 274.0 1.000
1185 1 raw 163.0 1.000
1186 2 recon 160.0 1.000
1187 1 raw 151.0 1.000
1188 2 recon 93.6 0.936
1189 2 recon 93.5 0.935
1190 2 recon 115.0 1.000
1191 2 recon 118.0 1.000
1192 1 raw 131.5 1.000
1193 2 recon 93.5 0.935
1194 2 recon 94.2 0.942
1195 2 recon 116.5 1.000
1196 2 recon 118.0 1.000
1197 2 recon 121.0 1.000
1198 2 recon 131.5 1.000
1199 2 recon 158.5 1.000
1200 2 recon 95.7 0.957
1201 2 recon 96.5 0.965
1202 2 recon 96.1 0.961
1203 2 recon 95.5 0.955
1204 2 recon 95.2 0.952
1205 1 raw 119.5 1.000
1206 2 recon 128.5 1.000
1207 2 recon 130.0 1.000
1208 2 recon 94.8 0.948
1209 2 recon 94.2 0.942
1210 2 recon 115.0 1.000
1211 2 recon 127.0 1.000
1212 2 recon 127.0 1.000
1213 2 recon 94.7 0.947
1214 2 recon 154.0 1.000
1215 2 recon 113.5 1.000
1216 2 recon 118.0 1.000
1217 2 recon 92.6 0.926
1218 2 recon 161.5 1.000
1219 2 recon 139.0 1.000
1220 2 recon 92.5 0.925
1221 2 recon 127.0 1.000
1222 2 recon 91.2 0.912
1223 2 recon 205.0 1.000
1224 2 recon 94.3 0.943
1225 2 recon 92.9 0.929
1226 2 recon 93.1 0.931
1227 1 raw 113.5 1.000
1228 2 recon 142.0 1.000
1229 2 recon 93.9 0.939
1230 2 recon 119.5 1.000
1231 2 recon 121.0 1.000
1232 2 recon 130.0 1.000
1233 2 recon 91.1 0.911
1234 2 recon 140.5 1.000
1235 2 recon 95.9 0.959
1236 2 recon 96.4 0.964
1237 2 recon 122.5 1.000
1238 2 recon 96.5 0.965
1240 2 recon 146.5 1.000
1241 2 recon 94.2 0.942
1242 2 recon 137.5 1.000
1243 2 recon 136.0 1.000
1244 2 recon 119.5 1.000
1245 2 recon 93.1 0.931
1246 2 recon 94.5 0.945
1247 2 recon 137.5 1.000
1248 2 recon 125.5 1.000
1249 1 raw 142.0 1.000
1250 2 recon 92.9 0.929
1251 2 recon 95.5 0.955
1252 2 recon 158.5 1.000
1253 2 recon 148.0 1.000
1254 1 raw 130.0 1.000
1255 2 recon 93.3 0.933
1256 2 recon 154.0 1.000
1257 2 recon 125.5 1.000
1258 2 recon 122.5 1.000
1259 2 recon 134.5 1.000
1260 2 recon 92.9 0.929
1261 2 recon 142.0 1.000
1262 2 recon 137.5 1.000
1263 2 recon 94.8 0.948
1264 2 recon 136.0 1.000
1265 1 raw 128.5 1.000
1266 2 recon 139.0 1.000
1267 2 recon 125.5 1.000
1268 2 recon 95.8 0.958
1269 2 recon 94.6 0.946
1270 2 recon 94.6 0.946
1271 2 recon 128.5 1.000
1272 2 recon 136.0 1.000
1273 2 recon 89.4 0.894
1274 2 recon 90.9 0.909
1275 2 recon 93.9 0.939
1276 2 recon 130.0 1.000
1277 2 recon 92.5 0.925
1278 2 recon 94.7 0.947
1279 2 recon 94.4 0.944
1280 2 recon 122.5 1.000
1281 2 recon 130.0 1.000
1282 2 recon 93.2 0.932
1283 2 recon 119.5 1.000
1284 2 recon 94.2 0.942
1285 2 recon 94.3 0.943
1286 2 recon 148.0 1.000
1287 2 recon 128.5 1.000
1288 2 recon 96.6 0.966
1289 2 recon 96.0 0.960
1290 2 recon 148.0 1.000
1291 2 recon 92.1 0.921
1292 2 recon 91.0 0.910
1293 2 recon 94.1 0.941
1294 2 recon 121.0 1.000
1295 1 raw 139.0 1.000
1296 2 recon 125.5 1.000
1297 2 recon 140.5 1.000
1298 2 recon 121.0 1.000
1299 2 recon 121.0 1.000
1300 2 recon 121.0 1.000
1301 2 recon 96.3 0.963
1302 2 recon 137.5 1.000
1303 2 recon 121.0 1.000
1304 2 recon 118.0 1.000
1305 2 recon 93.4 0.934
1306 2 recon 130.0 1.000
1307 2 recon 154.0 1.000
1308 2 recon 94.3 0.943
1309 2 recon 130.0 1.000
1310 2 recon 93.4 0.934
1311 2 recon 93.4 0.934
1312 2 recon 94.4 0.944
1313 2 recon 87.8 0.878
1314 2 recon 118.0 1.000
1315 2 recon 92.9 0.929
1316 2 recon 94.7 0.947
1317 2 recon 95.5 0.955
1318 1 raw 119.5 1.000
1319 2 recon 94.2 0.942
1320 2 recon 119.5 1.000
1321 1 raw 122.5 1.000
1322 2 recon 137.5 1.000
1323 2 recon 122.5 1.000
1324 2 recon 95.2 0.952
1325 2 recon 92.7 0.927
1326 2 recon 136.0 1.000
1327 2 recon 124.0 1.000
1328 2 recon 115.0 1.000
1329 2 recon 93.5 0.935
1330 2 recon 94.1 0.941
1331 1 raw 122.5 1.000
1332 2 recon 125.5 1.000
1333 2 recon 95.3 0.953
1334 2 recon 124.0 1.000
1335 2 recon 96.2 0.962
1336 2 recon 122.5 1.000
1337 2 recon 128.5 1.000
1338 2 recon 125.5 1.000
1339 2 recon 96.0 0.960
1340 2 recon 94.7 0.947
1341 2 recon 142.0 1.000
1342 2 recon 95.6 0.956
1343 2 recon 90.7 0.907
1344 2 recon 115.0 1.000
1345 2 recon 121.0 1.000
1346 2 recon 92.7 0.927
1347 2 recon 94.8 0.948
1348 2 recon 94.7 0.947
1349 2 recon 127.0 1.000
1350 2 recon 122.5 1.000
1351 1 raw 136.0 1.000
1352 2 recon 93.3 0.933
1353 1 raw 118.0 1.000
1354 1 raw 118.0 1.000
1355 1 raw 118.0 1.000
1356 2 recon 92.2 0.922
1357 2 recon 93.8 0.938
1358 1 raw 122.5 1.000
1359 1 raw 133.0 1.000
1360 1 raw 133.0 1.000
1361 2 recon 169.0 1.000
1362 2 recon 134.5 1.000
1363 2 recon 121.0 1.000
1364 2 recon 96.5 0.965
1365 1 raw 124.0 1.000
1366 2 recon 146.5 1.000
1367 2 recon 163.0 1.000
1368 2 recon 127.0 1.000
1369 2 recon 127.0 1.000
1370 2 recon 127.0 1.000
1371 2 recon 143.5 1.000
1372 2 recon 118.0 1.000
1373 2 recon 110.5 1.000
1374 2 recon 112.0 1.000
1375 2 recon 112.0 1.000
1376 2 recon 93.5 0.935
1377 2 recon 94.3 0.943
1378 2 recon 122.5 1.000
1379 2 recon 95.8 0.958
1380 2 recon 121.0 1.000
1381 2 recon 131.5 1.000
1382 2 recon 94.5 0.945
1383 2 recon 128.5 1.000
1384 2 recon 131.5 1.000
1385 2 recon 124.0 1.000
1386 2 recon 96.9 0.969
1387 2 recon 95.7 0.957
1388 2 recon 91.8 0.918
1389 2 recon 115.0 1.000
1390 2 recon 93.3 0.933
1391 2 recon 95.6 0.956
1392 2 recon 155.5 1.000
1393 2 recon 173.5 1.000
1394 2 recon 95.2 0.952
1395 2 recon 119.5 1.000
1396 2 recon 91.3 0.913
1397 2 recon 143.5 1.000
1398 2 recon 125.5 1.000
1399 2 recon 118.0 1.000
1400 2 recon 92.1 0.921
1401 2 recon 93.6 0.936
1402 2 recon 136.0 1.000
1403 2 recon 127.0 1.000
1404 2 recon 92.2 0.922
1405 2 recon 127.0 1.000
1406 2 recon 130.0 1.000
1407 2 recon 187.0 1.000
1408 2 recon 93.0 0.930
1409 2 recon 118.0 1.000
1410 2 recon 93.6 0.936
1411 1 raw 122.5 1.000
1412 2 recon 145.0 1.000
1413 2 recon 112.0 1.000
1414 2 recon 133.0 1.000
1415 2 recon 134.5 1.000
1416 1 raw 145.0 1.000
1417 2 recon 152.5 1.000
1418 2 recon 93.8 0.938
1419 1 raw 119.5 1.000
1420 2 recon 94.2 0.942
1421 2 recon 94.4 0.944
1422 2 recon 136.0 1.000
1423 2 recon 182.5 1.000
1424 1 raw 127.0 1.000
1425 1 raw 145.0 1.000
1426 2 recon 94.0 0.940
1427 2 recon 131.5 1.000
1428 2 recon 172.0 1.000
1429 2 recon 94.1 0.941
1430 2 recon 128.5 1.000
1431 2 recon 127.0 1.000
1432 2 recon 125.5 1.000
1433 1 raw 125.5 1.000
1434 2 recon 125.5 1.000
1435 2 recon 122.5 1.000
1436 2 recon 95.7 0.957
1437 2 recon 124.0 1.000
1438 2 recon 122.5 1.000
1439 2 recon 93.0 0.930
1440 2 recon 121.0 1.000
1441 2 recon 94.6 0.946
1442 2 recon 94.4 0.944
1443 1 raw 122.5 1.000
1444 2 recon 95.0 0.950
1445 2 recon 122.5 1.000
1446 2 recon 96.0 0.960
1447 2 recon 125.5 1.000
1448 1 raw 125.5 1.000
1449 2 recon 92.3 0.923
1450 2 recon 93.4 0.934
1451 2 recon 122.5 1.000
1452 2 recon 124.0 1.000
1453 1 raw 134.5 1.000
1454 2 recon 92.9 0.929
1455 2 recon 93.7 0.937
1456 1 raw 134.5 1.000
1457 2 recon 92.5 0.925
1458 1 raw 121.0 1.000
1459 2 recon 151.0 1.000
1460 2 recon 133.0 1.000
1461 1 raw 124.0 1.000
1462 2 recon 133.0 1.000
1463 2 recon 94.8 0.948
1464 2 recon 125.5 1.000
1465 2 recon 94.1 0.941
1466 2 recon 130.0 1.000
1467 2 recon 119.5 1.000
1468 2 recon 136.0 1.000
1469 2 recon 94.9 0.949
1470 2 recon 124.0 1.000
1471 2 recon 94.0 0.940
1472 2 recon 93.1 0.931
1473 2 recon 91.6 0.916
1474 1 raw 122.5 1.000
1475 2 recon 92.3 0.923
1476 1 raw 121.0 1.000
1477 1 raw 119.5 1.000
1478 1 raw 119.5 1.000
1479 2 recon 118.0 1.000
1480 2 recon 91.8 0.918
1481 2 recon 92.4 0.924
1482 2 recon 93.7 0.937
1483 2 recon 93.9 0.939
1484 1 raw 122.5 1.000
1485 2 recon 134.5 1.000
1486 1 raw 143.5 1.000
1487 2 recon 136.0 1.000
1488 2 recon 94.0 0.940
1489 2 recon 93.5 0.935
1490 1 raw 149.5 1.000
1491 2 recon 161.5 1.000
1492 2 recon 125.5 1.000
1493 2 recon 90.3 0.903
1494 2 recon 89.7 0.897
1495 2 recon 133.0 1.000
1496 2 recon 87.7 0.877
1497 1 raw 137.5 1.000
1498 2 recon 143.5 1.000
1499 1 raw 158.5 1.000
1500 2 recon 93.2 0.932
1501 2 recon 130.0 1.000
1502 1 raw 136.0 1.000
1503 2 recon 134.5 1.000
1504 2 recon 95.9 0.959
1505 2 recon 95.8 0.958
1506 2 recon 121.0 1.000
1507 2 recon 143.5 1.000
1508 2 recon 122.5 1.000
1509 1 raw 119.5 1.000
1510 2 recon 142.0 1.000
1511 2 recon 142.0 1.000
1512 2 recon 95.1 0.951
1513 2 recon 92.3 0.923
1514 2 recon 93.5 0.935
1515 2 recon 92.3 0.923
1516 2 recon 124.0 1.000
1517 2 recon 92.3 0.923
1518 2 recon 133.0 1.000
1519 2 recon 121.0 1.000
1520 2 recon 91.7 0.917
1521 2 recon 93.8 0.938
1522 1 raw 133.0 1.000
1523 2 recon 137.5 1.000
1524 2 recon 121.0 1.000
1525 2 recon 89.7 0.897
1526 2 recon 92.7 0.927
1527 1 raw 140.5 1.000
1528 2 recon 137.5 1.000
1529 1 raw 122.5 1.000
1530 1 raw 115.0 1.000
1531 1 raw 130.0 1.000
1532 1 raw 127.0 1.000
1533 6 raw 100.0 1.000
1534 1 raw 101.5 1.000
1535 2 recon 151.0 1.000
1536 2 recon 92.4 0.924
1537 2 recon 93.0 0.930
1538 2 recon 116.5 1.000
1539 2 recon 94.4 0.944
1540 2 recon 128.5 1.000
1541 2 recon 115.0 1.000
1542 2 recon 112.0 1.000
1543 2 recon 139.0 1.000
1544 2 recon 95.1 0.951
1545 2 recon 94.0 0.940
1546 2 recon 137.5 1.000
1547 2 recon 93.7 0.937
1548 2 recon 125.5 1.000
1549 2 recon 95.0 0.950
1550 2 recon 130.0 1.000
1551 2 recon 119.5 1.000
1552 2 recon 95.2 0.952
1553 2 recon 84.4 0.844
1554 1 raw 124.0 1.000
1555 1 raw 130.0 1.000
1556 2 recon 91.1 0.911
1557 2 recon 93.2 0.932
1558 2 recon 115.0 1.000
1559 2 recon 93.9 0.939
1560 1 raw 113.5 1.000
1561 1 raw 124.0 1.000
1562 2 recon 92.4 0.924
1563 2 recon 133.0 1.000
1564 2 recon 91.9 0.919
1565 2 recon 122.5 1.000
1566 2 recon 116.5 1.000
1567 2 recon 94.5 0.945
1568 1 raw 113.5 1.000
1569 2 recon 91.1 0.911
1570 2 recon 128.5 1.000
1571 2 recon 128.5 1.000
1572 1 raw 172.0 1.000
1573 2 recon 115.0 1.000
1574 2 recon 122.5 1.000
1575 2 recon 134.5 1.000
1576 1 raw 113.5 1.000
1577 2 recon 93.8 0.938
1578 2 recon 91.4 0.914
1579 2 recon 94.4 0.944
1580 2 recon 167.5 1.000
1581 1 raw 125.5 1.000
1582 2 recon 119.5 1.000
1583 2 recon 128.5 1.000
1584 1 raw 167.5 1.000
1585 2 recon 122.5 1.000
1586 2 recon 110.5 1.000
1587 2 recon 95.0 0.950
1588 2 recon 93.3 0.933
1589 1 raw 148.0 1.000
1590 2 recon 133.0 1.000
1591 2 recon 93.0 0.930
1592 1 raw 113.5 1.000
1593 2 recon 121.0 1.000
1594 2 recon 95.0 0.950
1595 1 raw 145.0 1.000
1596 2 recon 115.0 1.000
1597 2 recon 93.0 0.930
1598 2 recon 124.0 1.000
1599 2 recon 95.4 0.954
1600 2 recon 93.9 0.939
1601 2 recon 110.5 1.000
1602 2 recon 116.5 1.000
1603 1 raw 127.0 1.000
1604 2 recon 94.7 0.947
1605 2 recon 92.9 0.929
1606 1 raw 125.5 1.000
1607 1 raw 125.5 1.000
1608 2 recon 137.5 1.000
1609 2 recon 110.5 1.000
1610 2 recon 112.0 1.000
1611 2 recon 94.7 0.947
1612 2 recon 125.5 1.000
1613 2 recon 121.0 1.000
1614 2 recon 122.5 1.000
1615 2 recon 110.5 1.000
1616 2 recon 140.5 1.000
1617 2 recon 94.4 0.944
1618 2 recon 94.6 0.946
1619 2 recon 91.9 0.919
1620 2 recon 118.0 1.000
1621 2 recon 116.5 1.000
1622 2 recon 90.9 0.909
1623 2 recon 94.9 0.949
1624 2 recon 176.5 1.000
1625 2 recon 90.6 0.906
1626 2 recon 94.0 0.940
1627 2 recon 95.8 0.958
1628 2 recon 94.8 0.948
1629 2 recon 115.0 1.000
1630 2 recon 94.7 0.947
1631 2 recon 113.5 1.000
1632 2 recon 152.5 1.000
1633 1 raw 122.5 1.000
1634 1 raw 124.0 1.000
1635 2 recon 127.0 1.000
1636 2 recon 106.0 1.000
1637 2 recon 95.4 0.954
1638 2 recon 143.5 1.000
1639 2 recon 94.0 0.940
1640 1 raw 115.0 1.000
1641 2 recon 96.0 0.960
1642 2 recon 95.1 0.951
1643 2 recon 94.9 0.949
1644 2 recon 93.2 0.932
1645 2 recon 93.5 0.935
1646 2 recon 115.0 1.000
1647 2 recon 94.8 0.948
1648 2 recon 140.5 1.000
1649 2 recon 115.0 1.000
1650 2 recon 92.2 0.922
1651 2 recon 91.5 0.915
1652 2 recon 118.0 1.000
1653 2 recon 93.1 0.931
1654 2 recon 127.0 1.000
1655 2 recon 93.9 0.939
1656 1 raw 112.0 1.000
1657 2 recon 115.0 1.000
1658 2 recon 115.0 1.000
1659 2 recon 95.6 0.956
1660 2 recon 92.8 0.928
1661 2 recon 93.5 0.935
1662 2 recon 133.0 1.000
1663 2 recon 91.8 0.918
1664 1 raw 107.5 1.000
1665 2 recon 128.5 1.000
1666 2 recon 94.0 0.940
1667 2 recon 93.8 0.938
1668 2 recon 93.6 0.936
1669 1 raw 151.0 1.000
1670 1 raw 146.5 1.000
1671 1 raw 149.5 1.000
1672 1 raw 118.0 1.000
1673 1 raw 128.5 1.000
1674 2 recon 116.5 1.000
1675 2 recon 92.8 0.928
1676 2 recon 94.0 0.940
1677 2 recon 94.7 0.947
1678 2 recon 133.0 1.000
1679 2 recon 116.5 1.000
1680 1 raw 113.5 1.000
1681 2 recon 96.1 0.961
1682 2 recon 133.0 1.000
1683 1 raw 134.5 1.000
1684 2 recon 94.5 0.945
1685 2 recon 93.1 0.931
1686 2 recon 93.3 0.933
1687 2 recon 93.8 0.938
1688 1 raw 113.5 1.000
1689 1 raw 128.5 1.000
1690 2 recon 94.4 0.944
1691 2 recon 95.1 0.951
1692 2 recon 94.5 0.945
1693 2 recon 143.5 1.000
1694 2 recon 94.4 0.944
1695 2 recon 124.0 1.000
1696 1 raw 113.5 1.000
1697 6 raw 100.0 1.000
1698 1 raw 101.5 1.000
1699 2 recon 113.5 1.000
1700 2 recon 113.5 1.000
1701 2 recon 90.9 0.909
1702 2 recon 118.0 1.000
1703 2 recon 93.2 0.932
1704 2 recon 119.5 1.000
1705 2 recon 133.0 1.000
1706 2 recon 92.6 0.926
1707 2 recon 93.6 0.936
1708 2 recon 93.6 0.936
1709 2 recon 94.0 0.940
1710 2 recon 139.0 1.000
1711 2 recon 124.0 1.000
1712 2 recon 130.0 1.000
1713 2 recon 113.5 1.000
1714 2 recon 93.9 0.939
1715 2 recon 93.4 0.934
1716 2 recon 119.5 1.000
1717 2 recon 91.3 0.913
1718 2 recon 95.7 0.957
1719 2 recon 122.5 1.000
1720 2 recon 173.5 1.000
1721 2 recon 91.8 0.918
1722 2 recon 93.1 0.931
1723 2 recon 110.5 1.000
1724 2 recon 158.5 1.000
1725 2 recon 118.0 1.000
1726 2 recon 116.5 1.000
1727 2 recon 93.1 0.931
1728 2 recon 93.1 0.931
1729 2 recon 124.0 1.000
1730 2 recon 93.1 0.931
1731 2 recon 110.5 1.000
1732 2 recon 92.1 0.921
1733 2 recon 91.5 0.915
1734 2 recon 115.0 1.000
1735 2 recon 92.9 0.929
1736 2 recon 93.2 0.932
1737 2 recon 93.7 0.937
1738 2 recon 119.5 1.000
1739 2 recon 124.0 1.000
1740 2 recon 136.0 1.000
1741 2 recon 109.0 1.000
1742 2 recon 109.0 1.000
1743 2 recon 95.5 0.955
1744 2 recon 94.2 0.942
1745 2 recon 92.0 0.920
1746 2 recon 121.0 1.000
1747 2 recon 93.1 0.931
1748 1 raw 113.5 1.000
1749 2 recon 121.0 1.000
1750 2 recon 92.7 0.927
1751 2 recon 112.0 1.000
1752 2 recon 112.0 1.000
1753 2 recon 118.0 1.000
1754 2 recon 94.2 0.942
1755 2 recon 93.2 0.932
1756 1 raw 113.5 1.000
1757 2 recon 92.3 0.923
1758 2 recon 110.5 1.000
1759 2 recon 112.0 1.000
1760 2 recon 94.0 0.940
1761 2 recon 119.5 1.000
1762 2 recon 125.5 1.000
1763 2 recon 92.6 0.926
1764 1 raw 119.5 1.000
1765 2 recon 94.4 0.944
1766 2 recon 94.5 0.945
1767 2 recon 93.0 0.930
1768 2 recon 110.5 1.000
1769 2 recon 134.5 1.000
1770 2 recon 92.9 0.929
1771 2 recon 94.3 0.943
1772 1 raw 113.5 1.000
1773 2 recon 109.0 1.000
1774 2 recon 112.0 1.000
1775 2 recon 92.6 0.926
1776 2 recon 93.7 0.937
1777 2 recon 94.3 0.943
1778 2 recon 93.6 0.936
1779 2 recon 118.0 1.000
1780 1 raw 113.5 1.000
1781 2 recon 94.7 0.947
1782 2 recon 94.7 0.947
1783 2 recon 118.0 1.000
1784 2 recon 112.0 1.000
1785 2 recon 94.0 0.940
1786 2 recon 93.8 0.938
1787 2 recon 91.8 0.918
1788 1 raw 113.5 1.000
1789 2 recon 116.5 1.000
1790 2 recon 92.1 0.921
1791 2 recon 115.0 1.000
1792 2 recon 164.5 1.000
1793 1 raw 133.0 1.000
1794 2 recon 128.5 1.000
1795 2 recon 133.0 1.000
1796 2 recon 122.5 1.000
1797 2 recon 96.1 0.961
1798 2 recon 95.7 0.957
1799 2 recon 115.0 1.000
1800 2 recon 133.0 1.000
1801 2 recon 94.2 0.942
1802 2 recon 92.9 0.929
1803 2 recon 121.0 1.000
1804 2 recon 137.5 1.000
1805 2 recon 119.5 1.000
1806 2 recon 116.5 1.000
1807 2 recon 94.4 0.944
1808 2 recon 161.5 1.000
1809 2 recon 119.5 1.000
1810 2 recon 118.0 1.000
1811 2 recon 122.5 1.000
1812 2 recon 136.0 1.000
1813 2 recon 124.0 1.000
1814 2 recon 94.1 0.941
1815 2 recon 91.9 0.919
1816 2 recon 94.2 0.942
1817 2 recon 94.0 0.940
1818 2 recon 95.5 0.955
1819 2 recon 125.5 1.000
1820 2 recon 122.5 1.000
1821 2 recon 95.4 0.954
1822 2 recon 93.7 0.937
1823 2 recon 93.5 0.935
1824 2 recon 94.9 0.949
1825 2 recon 127.0 1.000
1826 2 recon 128.5 1.000
1827 2 recon 94.8 0.948
1828 1 raw 113.5 1.000
1829 2 recon 94.4 0.944
1830 2 recon 93.5 0.935
1831 2 recon 95.0 0.950
1832 2 recon 94.7 0.947
1833 2 recon 95.1 0.951
1834 2 recon 95.4 0.954
1835 2 recon 143.5 1.000
1836 1 raw 115.0 1.000
1837 2 recon 95.3 0.953
1838 2 recon 112.0 1.000
1839 2 recon 92.3 0.923
1840 2 recon 131.5 1.000
1841 2 recon 124.0 1.000
1842 2 recon 93.2 0.932
1843 2 recon 92.8 0.928
1844 2 recon 95.0 0.950
1845 2 recon 91.9 0.919
1846 2 recon 92.0 0.920
1847 2 recon 93.3 0.933
1848 2 recon 122.5 1.000
1849 2 recon 133.0 1.000
1850 1 raw 149.5 1.000
1851 2 recon 94.6 0.946
1852 1 raw 112.0 1.000
1853 2 recon 118.0 1.000
1854 2 recon 93.9 0.939
1855 2 recon 94.9 0.949
1856 2 recon 93.4 0.934
1857 2 recon 164.5 1.000
1858 1 raw 149.5 1.000
1859 1 raw 155.5 1.000
1860 2 recon 118.0 1.000
1861 1 raw 100.0 1.000
1862 1 raw 100.0 1.000
1863 2 raw 93.8 0.938
1864 2 recon 100.0 1.000
1865 2 recon 72.0 0.720
1866 2 recon 100.0 1.000
1867 2 raw 28.6 0.286
1868 2 raw 28.6 0.286
1869 2 raw 100.0 1.000
1870 1 raw 101.5 1.000
1871 2 raw 100.0 1.000
1872 1 raw 101.5 1.000
1873 2 raw 100.0 1.000
1874 2 raw 100.0 1.000
1875 1 raw 101.5 1.000
1876 2 recon 140.5 1.000
1877 1 raw 112.0 1.000
1878 1 raw 112.0 1.000
1879 2 recon 95.9 0.959
1880 2 recon 146.5 1.000
1881 2 recon 91.0 0.910
1882 2 recon 116.5 1.000
1883 2 recon 93.3 0.933
1884 2 recon 92.9 0.929
1885 1 raw 124.0 1.000
1886 2 recon 93.7 0.937
1887 2 recon 131.5 1.000
1888 2 recon 95.5 0.955
1889 1 raw 121.0 1.000
1890 2 recon 130.0 1.000
1891 1 raw 118.0 1.000
1892 2 recon 119.5 1.000
1893 2 recon 125.5 1.000
1894 1 raw 134.5 1.000
1895 2 recon 115.0 1.000
1896 2 recon 95.5 0.955
1897 2 recon 94.1 0.941
1898 2 recon 92.7 0.927
1899 2 recon 139.0 1.000
1900 2 recon 128.5 1.000
1901 1 raw 142.0 1.000
1902 1 raw 124.0 1.000
1903 2 recon 149.5 1.000
1904 2 raw 100.0 1.000
1905 2 recon 94.5 0.945
1906 2 recon 139.0 1.000
1907 1 raw 119.5 1.000
1908 2 recon 94.1 0.941
1909 2 raw 100.0 1.000
1910 2 recon 119.5 1.000
1911 2 recon 118.0 1.000
1912 2 recon 96.7 0.967
1913 2 recon 125.5 1.000
1914 2 raw 100.0 1.000
1915 4 recon 50.0 0.500
1916 3 recon 60.0 0.600
1917 3 recon 54.5 0.545
1918 2 raw 80.0 0.800
1919 12 recon 66.7 0.667
1920 1 raw 101.5 1.000