total=1920 stats={'raw': 387, 'recon': 1533}
idx ZIP kind score sjis split
0 1 raw 100.0 1.0000 0
1 1 raw 133.0 1.0000 0
2 1 raw 101.5 1.0000 0
3 1 raw 125.5 1.0000 0
4 2 recon 100.0 1.0000 130
5 2 recon 214.0 1.0000 3012
6 2 recon 221.5 1.0000 3619
7 2 recon 113.5 1.0000 391
8 2 recon 109.0 1.0000 232
9 2 recon 109.0 1.0000 184
10 2 recon 179.5 1.0000 2601
11 2 recon 209.5 1.0000 3192
12 2 recon 115.0 1.0000 540
13 2 recon 121.0 1.0000 749
14 1 raw 119.5 1.0000 0
15 2 recon 152.5 1.0000 1731
16 2 recon 260.5 1.0000 4354
17 2 recon 142.0 1.0000 1309
18 2 recon 170.5 1.0000 2090
19 2 recon 122.5 1.0000 669
20 2 recon 208.0 1.0000 3904
21 2 recon 122.5 1.0000 842
22 2 recon 127.0 1.0000 970
23 2 recon 122.5 1.0000 837
24 2 recon 223.0 1.0000 4206
25 1 raw 110.5 1.0000 0
26 1 raw 110.5 1.0000 0
27 1 raw 110.5 1.0000 0
28 2 recon 181.0 1.0000 2101
29 2 recon 164.5 1.0000 1735
30 2 recon 133.0 1.0000 874
31 2 recon 176.5 1.0000 2127
32 2 recon 157.0 1.0000 1693
33 1 raw 136.0 1.0000 0
34 2 recon 179.5 1.0000 3199
35 2 recon 137.5 1.0000 1309
36 2 recon 124.0 1.0000 819
37 2 recon 148.0 1.0000 1914
38 2 recon 149.5 1.0000 1937
39 2 recon 239.5 1.0000 4672
40 2 recon 254.5 1.0000 4372
41 2 recon 209.5 1.0000 2260
42 2 recon 131.5 1.0000 676
43 1 raw 158.5 1.0000 0
44 2 recon 233.5 1.0000 5133
45 2 recon 154.0 1.0000 2021
46 2 recon 203.5 1.0000 4045
47 2 recon 140.5 1.0000 1299
48 2 recon 125.5 1.0000 784
49 2 recon 220.0 1.0000 4628
50 1 raw 110.5 1.0000 0
51 1 raw 110.5 1.0000 0
52 1 raw 109.0 1.0000 0
53 1 raw 110.5 1.0000 0
54 2 recon 179.5 1.0000 3157
55 2 recon 115.0 1.0000 502
56 1 raw 118.0 1.0000 0
57 2 recon 235.0 1.0000 5124
58 2 recon 121.0 1.0000 771
59 2 recon 149.5 1.0000 1851
60 2 recon 154.0 1.0000 1837
61 2 recon 125.5 1.0000 554
62 2 recon 119.5 1.0000 470
63 1 raw 116.5 1.0000 0
64 1 raw 116.5 1.0000 0
65 1 raw 116.5 1.0000 0
66 1 raw 116.5 1.0000 0
67 1 raw 116.5 1.0000 0
68 2 recon 188.5 1.0000 2918
69 2 recon 130.0 1.0000 1150
70 2 recon 148.0 1.0000 1815
71 2 recon 127.0 1.0000 933
72 2 recon 272.5 1.0000 5672
73 2 recon 155.5 1.0000 2083
74 1 raw 128.5 1.0000 0
75 2 recon 134.5 1.0000 1222
76 2 recon 109.0 1.0000 239
77 2 recon 121.0 1.0000 881
78 2 recon 134.5 1.0000 1197
79 2 recon 124.0 1.0000 880
80 2 recon 137.5 1.0000 1345
81 2 recon 130.0 1.0000 713
82 2 recon 229.0 1.0000 3821
83 2 recon 142.0 1.0000 1480
84 2 recon 121.0 1.0000 659
85 2 recon 197.5 1.0000 2699
86 2 recon 122.5 1.0000 815
87 2 recon 172.0 1.0000 2173
88 2 recon 152.5 1.0000 1874
89 2 recon 134.5 1.0000 1207
90 2 recon 163.0 1.0000 2325
91 2 recon 125.5 1.0000 686
92 2 recon 128.5 1.0000 859
93 2 recon 143.5 1.0000 1197
94 2 recon 250.0 1.0000 5040
95 1 raw 335.5 1.0000 0
96 1 raw 125.5 1.0000 0
97 2 recon 131.5 1.0000 1071
98 2 recon 133.0 1.0000 1122
99 2 recon 220.0 1.0000 3594
100 2 recon 152.5 1.0000 1770
101 1 raw 110.5 1.0000 0
102 1 raw 110.5 1.0000 0
103 1 raw 110.5 1.0000 0
104 1 raw 110.5 1.0000 0
105 1 raw 110.5 1.0000 0
106 2 recon 181.0 1.0000 2633
107 2 recon 131.5 1.0000 1143
108 2 recon 118.0 1.0000 535
109 1 raw 143.5 1.0000 0
110 2 recon 271.0 1.0000 5595
111 2 recon 136.0 1.0000 1173
112 2 recon 125.5 1.0000 829
113 2 recon 140.5 1.0000 1275
114 2 recon 191.5 1.0000 2471
115 2 recon 166.0 1.0000 1993
116 2 recon 112.0 1.0000 286
117 2 recon 122.5 1.0000 535
118 2 recon 121.0 1.0000 410
119 2 recon 307.0 1.0000 6542
120 2 recon 155.5 1.0000 1597
121 1 raw 110.5 1.0000 0
122 1 raw 110.5 1.0000 0
123 1 raw 110.5 1.0000 0
124 1 raw 110.5 1.0000 0
125 2 recon 215.5 1.0000 3559
126 2 recon 122.5 1.0000 689
127 2 recon 127.0 1.0000 804
128 2 recon 122.5 1.0000 712
129 2 recon 125.5 1.0000 765
130 2 recon 172.0 1.0000 2169
131 2 recon 119.5 1.0000 469
132 1 raw 110.5 1.0000 0
133 1 raw 110.5 1.0000 0
134 1 raw 110.5 1.0000 0
135 1 raw 110.5 1.0000 0
136 1 raw 110.5 1.0000 0
137 2 recon 230.5 1.0000 3818
138 1 raw 133.0 1.0000 0
139 2 recon 122.5 1.0000 684
140 2 recon 137.5 1.0000 1416
141 2 recon 191.5 1.0000 2788
142 2 recon 197.5 1.0000 3242
143 2 recon 121.0 1.0000 706
144 2 recon 124.0 1.0000 845
145 2 recon 124.0 1.0000 825
146 2 recon 137.5 1.0000 1133
147 2 recon 166.0 1.0000 2297
148 2 recon 125.5 1.0000 770
149 1 raw 124.0 1.0000 0
150 1 raw 118.0 1.0000 0
151 2 recon 154.0 1.0000 1765
152 2 recon 163.0 1.0000 2098
153 2 recon 131.5 1.0000 1135
154 2 recon 122.5 1.0000 752
155 2 recon 134.5 1.0000 1081
156 2 recon 124.0 1.0000 808
157 1 raw 134.5 1.0000 0
158 1 raw 110.5 1.0000 0
159 1 raw 110.5 1.0000 0
160 2 recon 110.5 1.0000 251
161 1 raw 110.5 1.0000 0
162 2 recon 110.5 1.0000 251
163 2 recon 205.0 1.0000 2900
164 2 recon 142.0 1.0000 1431
165 2 recon 134.5 1.0000 994
166 2 recon 140.5 1.0000 1226
167 2 recon 143.5 1.0000 1596
168 2 recon 217.0 1.0000 3886
169 1 raw 127.0 1.0000 0
170 2 recon 131.5 1.0000 1080
171 2 recon 127.0 1.0000 1021
172 1 raw 125.5 1.0000 0
173 2 recon 188.5 1.0000 3325
174 1 raw 119.5 1.0000 0
175 1 raw 122.5 1.0000 0
176 1 raw 128.5 1.0000 0
177 1 raw 151.0 1.0000 0
178 2 recon 230.5 1.0000 4763
179 1 raw 110.5 1.0000 0
180 1 raw 110.5 1.0000 0
181 1 raw 110.5 1.0000 0
182 1 raw 110.5 1.0000 0
183 2 recon 160.0 1.0000 2242
184 2 recon 121.0 1.0000 643
185 1 raw 115.0 1.0000 0
186 2 recon 127.0 1.0000 950
187 2 recon 211.0 1.0000 3042
188 2 recon 113.5 1.0000 348
189 2 recon 118.0 1.0000 459
190 2 recon 118.0 1.0000 431
191 2 recon 152.5 1.0000 1099
192 2 recon 151.0 1.0000 1949
193 2 recon 149.5 1.0000 1734
194 2 recon 134.5 1.0000 1200
195 2 recon 136.0 1.0000 1220
196 2 recon 136.0 1.0000 1011
197 2 recon 181.0 1.0000 2798
198 2 recon 119.5 1.0000 621
199 2 recon 122.5 1.0000 718
200 2 recon 119.5 1.0000 632
201 2 recon 145.0 1.0000 1528
202 2 recon 133.0 1.0000 1229
203 1 raw 115.0 1.0000 0
204 2 recon 121.0 1.0000 676
205 1 raw 121.0 1.0000 0
206 2 recon 194.5 1.0000 3452
207 2 recon 178.0 1.0000 2590
208 2 recon 119.5 1.0000 698
209 2 recon 121.0 1.0000 730
210 2 recon 127.0 1.0000 1020
211 2 recon 181.0 1.0000 2883
212 2 recon 154.0 1.0000 1645
213 2 recon 124.0 1.0000 659
214 2 recon 115.0 1.0000 480
215 2 recon 115.0 1.0000 475
216 2 recon 115.0 1.0000 475
217 2 recon 115.0 1.0000 474
218 2 recon 115.0 1.0000 467
219 2 recon 317.5 1.0000 8138
220 2 recon 116.5 1.0000 612
221 2 recon 119.5 1.0000 701
222 1 raw 119.5 1.0000 0
223 2 recon 179.5 1.0000 2913
224 2 recon 278.5 1.0000 6475
225 2 recon 290.5 1.0000 7071
226 1 raw 110.5 1.0000 0
227 1 raw 110.5 1.0000 0
228 1 raw 110.5 1.0000 0
229 1 raw 110.5 1.0000 0
230 1 raw 110.5 1.0000 0
231 2 recon 178.0 1.0000 2704
232 2 recon 125.5 1.0000 872
233 2 recon 122.5 1.0000 739
234 2 recon 119.5 1.0000 638
235 2 recon 200.5 1.0000 3421
236 2 recon 292.0 1.0000 5633
237 2 recon 146.5 1.0000 1599
238 2 recon 131.5 1.0000 1062
239 2 recon 140.5 1.0000 1339
240 1 raw 116.5 1.0000 0
241 2 recon 145.0 1.0000 1305
242 2 recon 112.0 1.0000 313
243 2 recon 112.0 1.0000 280
244 2 recon 109.0 1.0000 184
245 2 recon 217.0 1.0000 2988
246 2 recon 136.0 1.0000 957
247 2 recon 158.5 1.0000 1860
248 1 raw 127.0 1.0000 0
249 2 recon 140.5 1.0000 1415
250 2 recon 124.0 1.0000 784
251 2 recon 149.5 1.0000 1822
252 2 recon 110.5 1.0000 251
253 2 recon 110.5 1.0000 251
254 2 recon 110.5 1.0000 251
255 2 recon 110.5 1.0000 251
256 2 recon 415.0 1.0000 11085
257 1 raw 119.5 1.0000 0
258 1 raw 160.0 1.0000 0
259 2 recon 122.5 1.0000 801
260 2 recon 223.0 1.0000 3741
261 2 recon 214.0 1.0000 3396
262 2 recon 241.0 1.0000 3637
263 2 recon 301.0 1.0000 7129
264 2 recon 119.5 1.0000 590
265 2 recon 115.0 1.0000 481
266 1 raw 115.0 1.0000 0
267 1 raw 115.0 1.0000 0
268 1 raw 115.0 1.0000 0
269 2 recon 178.0 1.0000 1841
270 2 recon 119.5 1.0000 694
271 2 recon 119.5 1.0000 614
272 2 recon 113.5 1.0000 435
273 2 recon 118.0 1.0000 580
274 2 recon 194.5 1.0000 3408
275 2 recon 170.5 1.0000 2445
276 2 recon 112.0 1.0000 392
277 2 recon 112.0 1.0000 370
278 2 recon 112.0 1.0000 372
279 2 recon 205.0 1.0000 3220
280 2 recon 209.5 1.0000 4003
281 1 raw 125.5 1.0000 0
282 2 recon 124.0 1.0000 821
283 2 recon 119.5 1.0000 717
284 2 recon 133.0 1.0000 1035
285 2 recon 197.5 1.0000 3773
286 2 recon 115.0 1.0000 484
287 2 recon 124.0 1.0000 872
288 2 recon 124.0 1.0000 892
289 2 recon 166.0 1.0000 2548
290 2 recon 115.0 1.0000 542
291 2 recon 133.0 1.0000 1180
292 2 recon 130.0 1.0000 1104
293 2 recon 143.5 1.0000 1490
294 1 raw 130.0 1.0000 0
295 2 recon 163.0 1.0000 2119
296 1 raw 116.5 1.0000 0
297 2 recon 119.5 1.0000 645
298 1 raw 122.5 1.0000 0
299 2 recon 253.0 1.0000 5561
300 2 recon 175.0 1.0000 2871
301 2 recon 125.5 1.0000 835
302 2 recon 124.0 1.0000 766
303 2 recon 124.0 1.0000 826
304 2 recon 184.0 1.0000 2993
305 2 recon 245.5 1.0000 4944
306 2 recon 122.5 1.0000 344
307 2 recon 122.5 1.0000 431
308 2 recon 124.0 1.0000 431
309 1 raw 116.5 1.0000 0
310 2 recon 172.0 1.0000 2850
311 1 raw 130.0 1.0000 0
312 2 recon 128.5 1.0000 960
313 1 raw 118.0 1.0000 0
314 2 recon 133.0 1.0000 1178
315 1 raw 110.5 1.0000 0
316 1 raw 110.5 1.0000 0
317 1 raw 110.5 1.0000 0
318 1 raw 110.5 1.0000 0
319 2 recon 110.5 1.0000 251
320 2 recon 191.5 1.0000 2477
321 2 recon 163.0 1.0000 2157
322 2 recon 134.5 1.0000 1326
323 2 recon 125.5 1.0000 908
324 2 recon 119.5 1.0000 609
325 2 recon 172.0 1.0000 2678
326 2 recon 134.5 1.0000 1388
327 2 recon 121.0 1.0000 780
328 2 recon 121.0 1.0000 693
329 1 raw 125.5 1.0000 0
330 2 recon 143.5 1.0000 1407
331 2 recon 115.0 1.0000 476
332 2 recon 118.0 1.0000 576
333 2 recon 118.0 1.0000 582
334 2 recon 161.5 1.0000 1982
335 2 recon 122.5 1.0000 773
336 2 recon 110.5 1.0000 251
337 2 recon 110.5 1.0000 251
338 2 recon 110.5 1.0000 251
339 2 recon 110.5 1.0000 251
340 2 recon 110.5 1.0000 251
341 1 raw 188.5 1.0000 0
342 2 recon 175.0 1.0000 2163
343 2 recon 110.5 1.0000 133
344 2 recon 242.5 1.0000 4940
345 1 raw 130.0 1.0000 0
346 1 raw 127.0 1.0000 0
347 1 raw 124.0 1.0000 0
348 2 recon 191.5 1.0000 2778
349 2 recon 179.5 1.0000 3103
350 1 raw 122.5 1.0000 0
351 2 recon 122.5 1.0000 777
352 2 recon 119.5 1.0000 677
353 2 recon 194.5 1.0000 3393
354 2 recon 169.0 1.0000 2301
355 2 recon 173.5 1.0000 2271
356 1 raw 110.5 1.0000 0
357 1 raw 110.5 1.0000 0
358 1 raw 110.5 1.0000 0
359 1 raw 110.5 1.0000 0
360 2 recon 191.5 1.0000 3133
361 2 recon 128.5 1.0000 896
362 2 recon 134.5 1.0000 1067
363 2 recon 133.0 1.0000 1038
364 2 recon 127.0 1.0000 789
365 2 recon 175.0 1.0000 2094
366 2 recon 115.0 1.0000 353
367 2 recon 115.0 1.0000 337
368 2 recon 121.0 1.0000 547
369 2 recon 131.5 1.0000 752
370 2 recon 179.5 1.0000 2731
371 2 recon 121.0 1.0000 668
372 2 recon 121.0 1.0000 711
373 2 recon 124.0 1.0000 856
374 1 raw 140.5 1.0000 0
375 2 recon 205.0 1.0000 3857
376 1 raw 127.0 1.0000 0
377 2 recon 127.0 1.0000 941
378 2 recon 124.0 1.0000 814
379 2 recon 163.0 1.0000 2193
380 2 recon 241.0 1.0000 5548
381 2 recon 127.0 1.0000 997
382 1 raw 130.0 1.0000 0
383 2 recon 131.5 1.0000 1138
384 2 recon 131.5 1.0000 1113
385 2 recon 212.5 1.0000 3822
386 2 recon 119.5 1.0000 677
387 2 recon 115.0 1.0000 515
388 2 recon 115.0 1.0000 483
389 2 recon 163.0 1.0000 2260
390 2 recon 155.5 1.0000 2228
391 2 recon 118.0 1.0000 623
392 1 raw 124.0 1.0000 0
393 1 raw 121.0 1.0000 0
394 2 recon 218.5 1.0000 3956
395 2 recon 187.0 1.0000 2200
396 2 recon 119.5 1.0000 593
397 2 recon 116.5 1.0000 542
398 2 recon 118.0 1.0000 582
399 2 recon 244.0 1.0000 5463
400 2 recon 184.0 1.0000 2844
401 2 recon 133.0 1.0000 1214
402 2 recon 131.5 1.0000 1127
403 1 raw 155.5 1.0000 0
404 2 recon 184.0 1.0000 3155
405 2 recon 169.0 1.0000 2042
406 2 recon 121.0 1.0000 681
407 2 recon 125.5 1.0000 777
408 2 recon 145.0 1.0000 1451
409 1 raw 164.5 1.0000 0
410 2 recon 271.0 1.0000 5566
411 2 recon 139.0 1.0000 860
412 2 recon 149.5 1.0000 1570
413 2 recon 118.0 1.0000 576
414 2 recon 119.5 1.0000 659
415 2 recon 118.0 1.0000 617
416 2 recon 149.5 1.0000 1585
417 2 recon 140.5 1.0000 1002
418 1 raw 113.5 1.0000 0
419 1 raw 164.5 1.0000 0
420 2 recon 227.5 1.0000 4342
421 2 recon 229.0 1.0000 4987
422 1 raw 119.5 1.0000 0
423 1 raw 125.5 1.0000 0
424 3 raw 93.9 0.9389 0
425 2 recon 208.0 1.0000 3956
426 2 recon 209.5 1.0000 3237
427 2 recon 380.5 1.0000 9422
428 2 recon 239.5 1.0000 4313
429 2 recon 329.5 1.0000 7240
430 2 recon 373.0 1.0000 8200
431 2 recon 173.5 1.0000 2008
432 2 recon 124.0 1.0000 845
433 1 raw 118.0 1.0000 0
434 1 raw 118.0 1.0000 0
435 2 recon 160.0 1.0000 1846
436 2 recon 200.5 1.0000 3715
437 2 recon 119.5 1.0000 524
438 2 recon 130.0 1.0000 876
439 2 recon 130.0 1.0000 925
440 1 raw 113.5 1.0000 0
441 2 recon 311.5 1.0000 6925
442 1 raw 122.5 1.0000 0
443 2 recon 127.0 1.0000 868
444 1 raw 119.5 1.0000 0
445 2 recon 178.0 1.0000 2622
446 2 recon 121.0 1.0000 637
447 2 recon 110.5 1.0000 251
448 1 raw 110.5 1.0000 0
449 2 recon 110.5 1.0000 251
450 1 raw 110.5 1.0000 0
451 2 recon 113.5 1.0000 536
452 2 recon 133.0 1.0000 1240
453 1 raw 124.0 1.0000 0
454 2 recon 133.0 1.0000 1191
455 2 recon 169.0 1.0000 2330
456 2 recon 160.0 1.0000 1698
457 2 recon 112.0 1.0000 256
458 2 recon 110.5 1.0000 205
459 2 recon 110.5 1.0000 209
460 2 recon 166.0 1.0000 1824
461 2 recon 214.0 1.0000 3569
462 2 recon 134.5 1.0000 1304
463 1 raw 116.5 1.0000 0
464 2 recon 116.5 1.0000 522
465 2 recon 131.5 1.0000 1012
466 1 raw 136.0 1.0000 0
467 2 recon 172.0 1.0000 2197
468 2 recon 125.5 1.0000 872
469 1 raw 130.0 1.0000 0
470 1 raw 136.0 1.0000 0
471 2 recon 116.5 1.0000 546
472 2 recon 229.0 1.0000 3635
473 2 recon 239.5 1.0000 5102
474 1 raw 119.5 1.0000 0
475 2 recon 128.5 1.0000 1008
476 2 recon 122.5 1.0000 734
477 2 recon 133.0 1.0000 1108
478 2 recon 158.5 1.0000 2160
479 1 raw 134.5 1.0000 0
480 2 recon 128.5 1.0000 966
481 1 raw 128.5 1.0000 0
482 1 raw 127.0 1.0000 0
483 2 recon 188.5 1.0000 2690
484 2 recon 185.5 1.0000 2357
485 2 recon 128.5 1.0000 835
486 2 recon 137.5 1.0000 1076
487 2 recon 122.5 1.0000 633
488 2 recon 124.0 1.0000 638
489 2 recon 158.5 1.0000 1699
490 2 recon 121.0 1.0000 672
491 1 raw 115.0 1.0000 0
492 1 raw 115.0 1.0000 0
493 2 recon 116.5 1.0000 382
494 1 raw 113.5 1.0000 0
495 2 recon 133.0 1.0000 1161
496 1 raw 127.0 1.0000 0
497 1 raw 128.5 1.0000 0
498 1 raw 122.5 1.0000 0
499 1 raw 116.5 1.0000 0
500 2 recon 196.0 1.0000 3433
501 1 raw 119.5 1.0000 0
502 2 recon 122.5 1.0000 771
503 2 recon 125.5 1.0000 887
504 2 recon 179.5 1.0000 2376
505 2 recon 137.5 1.0000 1374
506 1 raw 124.0 1.0000 0
507 1 raw 122.5 1.0000 0
508 1 raw 124.0 1.0000 0
509 1 raw 115.0 1.0000 0
510 2 recon 178.0 1.0000 2212
511 1 raw 128.5 1.0000 0
512 1 raw 130.0 1.0000 0
513 1 raw 128.5 1.0000 0
514 1 raw 116.5 1.0000 0
515 1 raw 146.5 1.0000 0
516 2 recon 200.5 1.0000 2732
517 2 recon 260.5 1.0000 4737
518 1 raw 124.0 1.0000 0
519 1 raw 154.0 1.0000 0
520 1 raw 118.0 1.0000 0
521 1 raw 128.5 1.0000 0
522 2 recon 118.0 1.0000 517
523 2 recon 115.0 1.0000 454
524 2 recon 122.5 1.0000 662
525 2 recon 157.0 1.0000 1554
526 1 raw 259.0 1.0000 0
527 2 recon 241.0 1.0000 4386
528 1 raw 115.0 1.0000 0
529 1 raw 121.0 1.0000 0
530 2 recon 115.0 1.0000 484
531 1 raw 125.5 1.0000 0
532 2 recon 191.5 1.0000 3343
533 1 raw 184.0 1.0000 0
534 2 recon 113.5 1.0000 265
535 2 recon 113.5 1.0000 323
536 2 recon 110.5 1.0000 203
537 2 recon 191.5 1.0000 2866
538 2 recon 205.0 1.0000 3069
539 2 recon 247.0 1.0000 4233
540 2 recon 143.5 1.0000 1179
541 2 recon 139.0 1.0000 1043
542 2 recon 134.5 1.0000 1027
543 2 recon 145.0 1.0000 1630
544 2 recon 196.0 1.0000 3275
545 2 recon 131.5 1.0000 1210
546 2 recon 122.5 1.0000 793
547 1 raw 115.0 1.0000 0
548 2 recon 206.5 1.0000 3514
549 2 recon 290.5 1.0000 6129
550 1 raw 122.5 1.0000 0
551 1 raw 127.0 1.0000 0
552 1 raw 127.0 1.0000 0
553 2 recon 161.5 1.0000 1953
554 2 recon 110.5 1.0000 379
555 2 recon 121.0 1.0000 578
556 2 recon 119.5 1.0000 568
557 2 recon 121.0 1.0000 601
558 2 recon 139.0 1.0000 891
559 2 recon 145.0 1.0000 1311
560 2 recon 125.5 1.0000 852
561 2 recon 125.5 1.0000 888
562 2 recon 122.5 1.0000 801
563 2 recon 191.5 1.0000 3482
564 1 raw 110.5 1.0000 0
565 1 raw 110.5 1.0000 0
566 1 raw 110.5 1.0000 0
567 1 raw 110.5 1.0000 0
568 2 recon 118.0 1.0000 664
569 2 recon 122.5 1.0000 710
570 1 raw 118.0 1.0000 0
571 2 recon 131.5 1.0000 1069
572 2 recon 155.5 1.0000 1744
573 2 recon 181.0 1.0000 2767
574 1 raw 113.5 1.0000 0
575 1 raw 118.0 1.0000 0
576 1 raw 119.5 1.0000 0
577 2 recon 140.5 1.0000 1509
578 2 recon 199.0 1.0000 2896
579 1 raw 115.0 1.0000 0
580 2 recon 121.0 1.0000 729
581 2 recon 118.0 1.0000 599
582 2 recon 119.5 1.0000 552
583 2 recon 146.5 1.0000 1611
584 2 recon 115.0 1.0000 503
585 2 recon 118.0 1.0000 627
586 1 raw 118.0 1.0000 0
587 2 recon 146.5 1.0000 1464
588 2 recon 167.5 1.0000 2100
589 2 recon 110.5 1.0000 251
590 2 recon 110.5 1.0000 251
591 2 recon 110.5 1.0000 251
592 2 recon 110.5 1.0000 251
593 1 raw 238.0 1.0000 0
594 2 recon 139.0 1.0000 1158
595 2 recon 110.5 1.0000 236
596 2 recon 115.0 1.0000 351
597 2 recon 113.5 1.0000 329
598 1 raw 169.0 1.0000 0
599 2 recon 193.0 1.0000 3223
600 1 raw 107.5 1.0000 0
601 1 raw 107.5 1.0000 0
602 1 raw 107.5 1.0000 0
603 1 raw 107.5 1.0000 0
604 2 recon 292.0 1.0000 5561
605 2 recon 121.0 1.0000 759
606 2 recon 133.0 1.0000 1250
607 2 recon 137.5 1.0000 1118
608 2 recon 172.0 1.0000 2169
609 2 recon 157.0 1.0000 1865
610 2 recon 140.5 1.0000 1394
611 2 recon 127.0 1.0000 888
612 2 recon 131.5 1.0000 1056
613 2 recon 176.5 1.0000 2615
614 2 recon 136.0 1.0000 1264
615 1 raw 131.5 1.0000 0
616 2 recon 133.0 1.0000 1084
617 2 recon 139.0 1.0000 1291
618 2 recon 184.0 1.0000 2312
619 1 raw 163.0 1.0000 0
620 2 recon 128.5 1.0000 917
621 2 recon 124.0 1.0000 759
622 2 recon 127.0 1.0000 823
623 2 recon 307.0 1.0000 5980
624 2 recon 184.0 1.0000 2870
625 2 recon 118.0 1.0000 585
626 2 recon 118.0 1.0000 587
627 2 recon 121.0 1.0000 654
628 2 recon 155.5 1.0000 1774
629 2 recon 115.0 1.0000 522
630 2 recon 127.0 1.0000 896
631 2 recon 134.5 1.0000 1226
632 2 recon 124.0 1.0000 807
633 2 recon 164.5 1.0000 2255
634 1 raw 202.0 1.0000 0
635 2 recon 187.0 1.0000 2383
636 2 recon 164.5 1.0000 2150
637 2 recon 125.5 1.0000 940
638 2 recon 125.5 1.0000 922
639 2 recon 133.0 1.0000 1150
640 2 recon 166.0 1.0000 2194
641 2 recon 187.0 1.0000 2599
642 2 recon 139.0 1.0000 1447
643 2 recon 128.5 1.0000 961
644 2 recon 122.5 1.0000 806
645 2 recon 122.5 1.0000 783
646 2 recon 178.0 1.0000 2916
647 1 raw 107.5 1.0000 0
648 2 recon 133.0 1.0000 1180
649 2 recon 137.5 1.0000 1266
650 2 recon 118.0 1.0000 585
651 2 recon 155.5 1.0000 1490
652 2 recon 146.5 1.0000 1539
653 2 recon 209.5 1.0000 3580
654 1 raw 265.0 1.0000 0
655 2 recon 172.0 1.0000 2197
656 1 raw 122.5 1.0000 0
657 1 raw 118.0 1.0000 0
658 1 raw 116.5 1.0000 0
659 2 recon 170.5 1.0000 2380
660 2 recon 299.5 1.0000 6113
661 2 recon 128.5 1.0000 769
662 1 raw 134.5 1.0000 0
663 2 recon 154.0 1.0000 1880
664 1 raw 100.0 1.0000 0
665 2 recon 292.0 1.0000 6119
666 2 recon 116.5 1.0000 516
667 1 raw 113.5 1.0000 0
668 2 recon 121.0 1.0000 647
669 1 raw 167.5 1.0000 0
670 2 recon 152.5 1.0000 1699
671 2 recon 121.0 1.0000 693
672 2 recon 119.5 1.0000 641
673 2 recon 122.5 1.0000 695
674 2 recon 302.5 1.0000 7043
675 2 recon 223.0 1.0000 4267
676 2 recon 136.0 1.0000 1092
677 2 recon 128.5 1.0000 794
678 1 raw 131.5 1.0000 0
679 1 raw 164.5 1.0000 0
680 2 recon 131.5 1.0000 1093
681 1 raw 125.5 1.0000 0
682 1 raw 127.0 1.0000 0
683 1 raw 125.5 1.0000 0
684 2 recon 122.5 1.0000 650
685 2 recon 133.0 1.0000 1105
686 2 recon 125.5 1.0000 788
687 1 raw 128.5 1.0000 0
688 2 recon 127.0 1.0000 821
689 2 recon 175.0 1.0000 2013
690 2 recon 145.0 1.0000 1386
691 2 recon 122.5 1.0000 753
692 2 recon 119.5 1.0000 659
693 2 recon 119.5 1.0000 658
694 2 recon 151.0 1.0000 1538
695 2 recon 116.5 1.0000 365
696 2 recon 226.0 1.0000 3791
697 2 recon 119.5 1.0000 710
698 2 recon 118.0 1.0000 684
699 2 recon 119.5 1.0000 726
700 1 raw 142.0 1.0000 0
701 2 recon 316.0 1.0000 7575
702 2 recon 128.5 1.0000 806
703 2 recon 127.0 1.0000 743
704 2 recon 118.0 1.0000 585
705 2 recon 224.5 1.0000 3661
706 2 recon 301.0 1.0000 6021
707 2 recon 311.5 1.0000 7097
708 2 recon 253.0 1.0000 5799
709 1 raw 157.0 1.0000 0
710 1 raw 152.5 1.0000 0
711 1 raw 157.0 1.0000 0
712 2 recon 178.0 1.0000 3032
713 2 recon 152.5 1.0000 2076
714 1 raw 119.5 1.0000 0
715 2 recon 122.5 1.0000 773
716 1 raw 122.5 1.0000 0
717 2 recon 152.5 1.0000 1871
718 2 recon 115.0 1.0000 498
719 2 recon 109.0 1.0000 170
720 2 recon 110.5 1.0000 237
721 2 recon 109.0 1.0000 204
722 2 recon 137.5 1.0000 958
723 2 recon 136.0 1.0000 1380
724 2 recon 118.0 1.0000 587
725 2 recon 118.0 1.0000 586
726 2 recon 118.0 1.0000 583
727 2 recon 214.0 1.0000 3662
728 2 recon 169.0 1.0000 2494
729 2 recon 122.5 1.0000 874
730 2 recon 125.5 1.0000 1004
731 1 raw 122.5 1.0000 0
732 2 recon 163.0 1.0000 2212
733 2 recon 259.0 1.0000 5450
734 2 recon 119.5 1.0000 691
735 1 raw 113.5 1.0000 0
736 2 recon 119.5 1.0000 637
737 2 recon 206.5 1.0000 3708
738 2 recon 121.0 1.0000 553
739 2 recon 197.5 1.0000 3312
740 2 recon 116.5 1.0000 533
741 2 recon 116.5 1.0000 556
742 2 recon 118.0 1.0000 604
743 2 recon 155.5 1.0000 1924
744 2 recon 121.0 1.0000 882
745 2 recon 122.5 1.0000 759
746 2 recon 118.0 1.0000 561
747 2 recon 118.0 1.0000 531
748 2 recon 214.0 1.0000 3141
749 2 recon 247.0 1.0000 5210
750 2 recon 157.0 1.0000 1870
751 2 recon 125.5 1.0000 943
752 2 recon 118.0 1.0000 576
753 2 recon 124.0 1.0000 869
754 2 recon 128.5 1.0000 1075
755 2 recon 142.0 1.0000 1403
756 2 recon 197.5 1.0000 3202
757 2 recon 154.0 1.0000 1883
758 1 raw 109.0 1.0000 0
759 2 recon 136.0 1.0000 985
760 2 recon 134.5 1.0000 1177
761 2 recon 137.5 1.0000 1354
762 2 recon 140.5 1.0000 1420
763 2 recon 199.0 1.0000 3081
764 2 recon 224.5 1.0000 4638
765 2 recon 278.5 1.0000 7043
766 2 recon 181.0 1.0000 3105
767 2 recon 139.0 1.0000 1293
768 1 raw 250.0 1.0000 0
769 2 recon 364.0 1.0000 7772
770 2 recon 343.0 1.0000 6906
771 2 recon 449.5 1.0000 11147
772 2 recon 127.0 1.0000 895
773 2 recon 136.0 1.0000 1307
774 2 recon 130.0 1.0000 1068
775 1 raw 154.0 1.0000 0
776 2 recon 253.0 1.0000 5902
777 2 recon 119.5 1.0000 733
778 2 recon 130.0 1.0000 952
779 2 recon 127.0 1.0000 911
780 3 raw 94.5 0.9448 0
781 2 recon 236.5 1.0000 5415
782 2 recon 130.0 1.0000 1116
783 2 recon 127.0 1.0000 925
784 2 recon 121.0 1.0000 676
785 2 recon 115.0 1.0000 365
786 2 recon 223.0 1.0000 4523
787 2 recon 124.0 1.0000 771
788 2 recon 146.5 1.0000 1799
789 2 recon 145.0 1.0000 1624
790 2 recon 140.5 1.0000 1401
791 2 recon 137.5 1.0000 1309
792 2 recon 116.5 1.0000 581
793 2 recon 130.0 1.0000 962
794 2 recon 121.0 1.0000 635
795 2 recon 118.0 1.0000 712
796 1 raw 110.5 1.0000 0
797 1 raw 110.5 1.0000 0
798 1 raw 110.5 1.0000 0
799 1 raw 110.5 1.0000 0
800 2 recon 199.0 1.0000 3401
801 1 raw 118.0 1.0000 0
802 1 raw 118.0 1.0000 0
803 1 raw 118.0 1.0000 0
804 1 raw 173.5 1.0000 0
805 2 recon 145.0 1.0000 1435
806 2 recon 166.0 1.0000 1752
807 2 recon 127.0 1.0000 799
808 2 recon 148.0 1.0000 1653
809 2 recon 134.5 1.0000 1063
810 1 raw 142.0 1.0000 0
811 2 recon 193.0 1.0000 3298
812 2 recon 217.0 1.0000 4364
813 3 raw 94.9 0.9493 0
814 2 recon 127.0 1.0000 918
815 2 recon 166.0 1.0000 1728
816 1 raw 142.0 1.0000 0
817 2 recon 454.0 1.0000 10138
818 2 recon 217.0 1.0000 4073
819 2 recon 133.0 1.0000 1299
820 1 raw 125.5 1.0000 0
821 1 raw 148.0 1.0000 0
822 1 raw 110.5 1.0000 0
823 1 raw 212.5 1.0000 0
824 2 recon 173.5 1.0000 2972
825 1 raw 142.0 1.0000 0
826 1 raw 140.5 1.0000 0
827 1 raw 139.0 1.0000 0
828 1 raw 121.0 1.0000 0
829 2 recon 127.0 1.0000 1059
830 2 recon 136.0 1.0000 1105
831 2 recon 137.5 1.0000 1325
832 2 recon 130.0 1.0000 992
833 2 recon 170.5 1.0000 2600
834 2 recon 178.0 1.0000 2960
835 2 recon 118.0 1.0000 626
836 2 recon 122.5 1.0000 908
837 2 recon 130.0 1.0000 1092
838 2 recon 137.5 1.0000 1237
839 2 recon 217.0 1.0000 4651
840 2 recon 121.0 1.0000 677
841 2 recon 118.0 1.0000 610
842 2 recon 124.0 1.0000 820
843 1 raw 127.0 1.0000 0
844 2 recon 211.0 1.0000 3472
845 2 recon 118.0 1.0000 559
846 2 recon 118.0 1.0000 590
847 2 recon 118.0 1.0000 601
848 2 recon 202.0 1.0000 3569
849 2 recon 148.0 1.0000 1332
850 2 recon 119.5 1.0000 617
851 2 recon 119.5 1.0000 611
852 2 recon 115.0 1.0000 427
853 1 raw 145.0 1.0000 0
854 2 recon 148.0 1.0000 1720
855 2 recon 112.0 1.0000 305
856 2 recon 110.5 1.0000 257
857 2 recon 112.0 1.0000 281
858 1 raw 113.5 1.0000 0
859 2 recon 115.0 1.0000 516
860 2 recon 109.0 1.0000 190
861 2 recon 113.5 1.0000 348
862 2 recon 110.5 1.0000 241
863 2 recon 107.5 1.0000 120
864 2 recon 164.5 1.0000 1772
865 1 raw 106.0 1.0000 0
866 1 raw 137.5 1.0000 0
867 2 recon 271.0 1.0000 5754
868 2 recon 181.0 1.0000 3043
869 1 raw 128.5 1.0000 0
870 2 recon 127.0 1.0000 871
871 1 raw 124.0 1.0000 0
872 2 recon 142.0 1.0000 1371
873 2 recon 214.0 1.0000 3778
874 2 recon 139.0 1.0000 1262
875 1 raw 116.5 1.0000 0
876 1 raw 116.5 1.0000 0
877 2 recon 128.5 1.0000 1106
878 1 raw 133.0 1.0000 0
879 2 recon 136.0 1.0000 1376
880 1 raw 116.5 1.0000 0
881 2 recon 122.5 1.0000 772
882 1 raw 122.5 1.0000 0
883 1 raw 122.5 1.0000 0
884 2 recon 275.5 1.0000 6187
885 2 recon 119.5 1.0000 674
886 2 recon 122.5 1.0000 753
887 2 recon 122.5 1.0000 799
888 1 raw 124.0 1.0000 0
889 2 recon 211.0 1.0000 3345
890 1 raw 118.0 1.0000 0
891 2 recon 131.5 1.0000 994
892 2 recon 121.0 1.0000 706
893 1 raw 125.5 1.0000 0
894 2 recon 260.5 1.0000 4697
895 1 raw 173.5 1.0000 0
896 2 recon 131.5 1.0000 648
897 1 raw 133.0 1.0000 0
898 2 recon 136.0 1.0000 1175
899 2 recon 259.0 1.0000 5029
900 1 raw 212.5 1.0000 0
901 2 recon 181.0 1.0000 2822
902 2 recon 116.5 1.0000 448
903 2 recon 254.5 1.0000 5331
904 2 recon 131.5 1.0000 1109
905 2 recon 133.0 1.0000 1161
906 2 recon 124.0 1.0000 907
907 2 recon 176.5 1.0000 2461
908 2 recon 119.5 1.0000 702
909 1 raw 116.5 1.0000 0
910 1 raw 116.5 1.0000 0
911 1 raw 116.5 1.0000 0
912 2 recon 184.0 1.0000 3046
913 2 recon 115.0 1.0000 555
914 2 recon 110.5 1.0000 273
915 2 recon 112.0 1.0000 345
916 2 recon 116.5 1.0000 426
917 2 recon 160.0 1.0000 1497
918 2 recon 143.5 1.0000 1229
919 2 recon 118.0 1.0000 533
920 2 recon 145.0 1.0000 1205
921 2 recon 128.5 1.0000 854
922 1 raw 155.5 1.0000 0
923 1 raw 110.5 1.0000 0
924 1 raw 110.5 1.0000 0
925 1 raw 110.5 1.0000 0
926 1 raw 110.5 1.0000 0
927 2 recon 212.5 1.0000 3747
928 2 recon 110.5 1.0000 313
929 2 recon 110.5 1.0000 308
930 2 recon 110.5 1.0000 335
931 2 recon 163.0 1.0000 1952
932 2 recon 181.0 1.0000 2785
933 2 recon 400.0 1.0000 10079
934 2 recon 256.0 1.0000 5119
935 2 recon 122.5 1.0000 748
936 2 recon 133.0 1.0000 1145
937 2 recon 137.5 1.0000 1356
938 1 raw 124.0 1.0000 0
939 1 raw 427.0 1.0000 0
940 2 recon 155.5 1.0000 2106
941 2 recon 124.0 1.0000 796
942 2 recon 125.5 1.0000 824
943 2 recon 131.5 1.0000 1222
944 2 recon 142.0 1.0000 1489
945 2 recon 194.5 1.0000 2856
946 2 recon 163.0 1.0000 2290
947 2 recon 118.0 1.0000 613
948 2 recon 131.5 1.0000 1302
949 2 recon 130.0 1.0000 1076
950 2 recon 157.0 1.0000 1912
951 2 recon 266.5 1.0000 5432
952 2 recon 118.0 1.0000 638
953 2 recon 119.5 1.0000 681
954 2 recon 124.0 1.0000 824
955 1 raw 208.0 1.0000 0
956 1 raw 265.0 1.0000 0
957 2 recon 116.5 1.0000 490
958 1 raw 122.5 1.0000 0
959 1 raw 121.0 1.0000 0
960 2 recon 151.0 1.0000 1576
961 2 recon 157.0 1.0000 1877
962 1 raw 122.5 1.0000 0
963 2 recon 125.5 1.0000 871
964 2 recon 121.0 1.0000 701
965 2 recon 224.5 1.0000 3840
966 2 recon 367.0 1.0000 7958
967 2 recon 191.5 1.0000 2507
968 2 recon 122.5 1.0000 644
969 2 recon 137.5 1.0000 1163
970 2 recon 136.0 1.0000 1172
971 2 recon 146.5 1.0000 1236
972 2 recon 289.0 1.0000 5556
973 2 recon 118.0 1.0000 644
974 2 recon 143.5 1.0000 1622
975 2 recon 131.5 1.0000 1194
976 2 recon 164.5 1.0000 2468
977 2 recon 143.5 1.0000 1469
978 2 recon 124.0 1.0000 833
979 2 recon 143.5 1.0000 1586
980 2 recon 145.0 1.0000 1268
981 2 recon 194.5 1.0000 3039
982 2 recon 131.5 1.0000 1149
983 2 recon 128.5 1.0000 1011
984 2 recon 134.5 1.0000 1236
985 2 recon 136.0 1.0000 1188
986 2 recon 215.5 1.0000 4335
987 2 recon 133.0 1.0000 1146
988 2 recon 146.5 1.0000 1671
989 2 recon 136.0 1.0000 1242
990 2 recon 155.5 1.0000 1796
991 2 recon 188.5 1.0000 2355
992 1 raw 122.5 1.0000 0
993 2 recon 185.5 1.0000 2628
994 2 recon 238.0 1.0000 4111
995 2 recon 124.0 1.0000 684
996 2 recon 125.5 1.0000 756
997 1 raw 116.5 1.0000 0
998 2 recon 133.0 1.0000 898
999 2 recon 259.0 1.0000 5085
1000 2 recon 118.0 1.0000 557
1001 2 recon 124.0 1.0000 659
1002 2 recon 121.0 1.0000 560
1003 2 recon 233.5 1.0000 4211
1004 2 recon 122.5 1.0000 556
1005 1 raw 116.5 1.0000 0
1006 2 recon 124.0 1.0000 598
1007 2 recon 154.0 1.0000 1367
1008 2 recon 352.0 1.0000 7428
1009 2 recon 139.0 1.0000 1209
1010 2 recon 122.5 1.0000 686
1011 2 recon 127.0 1.0000 875
1012 2 recon 122.5 1.0000 691
1013 1 raw 134.5 1.0000 0
1014 2 recon 139.0 1.0000 1446
1015 2 recon 134.5 1.0000 1169
1016 2 recon 124.0 1.0000 771
1017 2 recon 122.5 1.0000 720
1018 2 recon 125.5 1.0000 798
1019 2 recon 140.5 1.0000 1123
1020 2 recon 145.0 1.0000 927
1021 2 recon 155.5 1.0000 928
1022 2 recon 164.5 1.0000 1226
1023 2 recon 118.0 1.0000 290
1024 2 recon 209.5 1.0000 3852
1025 2 recon 130.0 1.0000 989
1026 2 recon 127.0 1.0000 866
1027 2 recon 124.0 1.0000 754
1028 1 raw 122.5 1.0000 0
1029 2 recon 169.0 1.0000 2040
1030 2 recon 118.0 1.0000 487
1031 2 recon 116.5 1.0000 481
1032 2 recon 121.0 1.0000 585
1033 1 raw 149.5 1.0000 0
1034 2 recon 173.5 1.0000 2463
1035 2 recon 148.0 1.0000 1289
1036 2 recon 149.5 1.0000 1476
1037 2 recon 143.5 1.0000 1115
1038 2 recon 136.0 1.0000 980
1039 2 recon 133.0 1.0000 1110
1040 2 recon 128.5 1.0000 945
1041 2 recon 121.0 1.0000 654
1042 2 recon 136.0 1.0000 1067
1043 2 recon 208.0 1.0000 3339
1044 2 recon 203.5 1.0000 3131
1045 2 recon 134.5 1.0000 967
1046 2 recon 161.5 1.0000 1814
1047 2 recon 128.5 1.0000 839
1048 1 raw 158.5 1.0000 0
1049 2 recon 154.0 1.0000 1687
1050 2 recon 137.5 1.0000 1185
1051 2 recon 118.0 1.0000 561
1052 2 recon 125.5 1.0000 748
1053 2 recon 181.0 1.0000 2282
1054 2 recon 122.5 1.0000 729
1055 2 recon 124.0 1.0000 696
1056 2 recon 119.5 1.0000 650
1057 2 recon 131.5 1.0000 992
1058 2 recon 158.5 1.0000 1632
1059 2 recon 163.0 1.0000 1883
1060 2 recon 136.0 1.0000 710
1061 2 recon 128.5 1.0000 667
1062 2 recon 133.0 1.0000 694
1063 1 raw 113.5 1.0000 0
1064 2 recon 143.5 1.0000 1458
1065 2 recon 118.0 1.0000 462
1066 2 recon 115.0 1.0000 401
1067 2 recon 115.0 1.0000 401
1068 2 recon 121.0 1.0000 444
1069 2 recon 136.0 1.0000 1160
1070 2 recon 115.0 1.0000 377
1071 2 recon 115.0 1.0000 398
1072 2 recon 115.0 1.0000 376
1073 2 recon 127.0 1.0000 622
1074 2 recon 134.5 1.0000 1139
1075 2 recon 124.0 1.0000 765
1076 2 recon 121.0 1.0000 677
1077 2 recon 121.0 1.0000 659
1078 2 recon 137.5 1.0000 1130
1079 2 recon 140.5 1.0000 1291
1080 2 recon 113.5 1.0000 330
1081 2 recon 110.5 1.0000 229
1082 2 recon 112.0 1.0000 302
1083 2 recon 116.5 1.0000 289
1084 2 recon 142.0 1.0000 1486
1085 2 recon 116.5 1.0000 452
1086 2 recon 119.5 1.0000 512
1087 2 recon 115.0 1.0000 486
1088 2 recon 145.0 1.0000 1233
1089 2 recon 181.0 1.0000 2696
1090 2 recon 122.5 1.0000 692
1091 2 recon 121.0 1.0000 741
1092 2 recon 115.0 1.0000 497
1093 2 recon 142.0 1.0000 1228
1094 2 recon 178.0 1.0000 2396
1095 2 recon 124.0 1.0000 769
1096 2 recon 124.0 1.0000 771
1097 2 recon 124.0 1.0000 808
1098 2 recon 130.0 1.0000 837
1099 2 recon 241.0 1.0000 4639
1100 2 recon 124.0 1.0000 878
1101 2 recon 124.0 1.0000 822
1102 2 recon 133.0 1.0000 1124
1103 2 recon 139.0 1.0000 1194
1104 2 recon 148.0 1.0000 1516
1105 2 recon 113.5 1.0000 318
1106 2 recon 110.5 1.0000 198
1107 2 recon 113.5 1.0000 251
1108 2 recon 121.0 1.0000 423
1109 2 recon 167.5 1.0000 2119
1110 2 recon 113.5 1.0000 277
1111 2 recon 115.0 1.0000 347
1112 2 recon 113.5 1.0000 328
1113 1 raw 118.0 1.0000 0
1114 2 recon 172.0 1.0000 2342
1115 2 recon 122.5 1.0000 679
1116 1 raw 121.0 1.0000 0
1117 2 recon 119.5 1.0000 565
1118 2 recon 121.0 1.0000 606
1119 2 recon 176.5 1.0000 2289
1120 2 recon 121.0 1.0000 651
1121 2 recon 130.0 1.0000 901
1122 2 recon 130.0 1.0000 881
1123 1 raw 124.0 1.0000 0
1124 2 recon 152.5 1.0000 1549
1125 1 raw 116.5 1.0000 0
1126 1 raw 121.0 1.0000 0
1127 2 recon 121.0 1.0000 599
1128 2 recon 155.5 1.0000 1566
1129 2 recon 161.5 1.0000 1824
1130 2 recon 116.5 1.0000 419
1131 2 recon 116.5 1.0000 426
1132 2 recon 118.0 1.0000 460
1133 2 recon 131.5 1.0000 670
1134 2 recon 242.5 1.0000 4134
1135 2 recon 115.0 1.0000 430
1136 2 recon 112.0 1.0000 301
1137 2 recon 113.5 1.0000 325
1138 1 raw 119.5 1.0000 0
1139 2 recon 242.5 1.0000 4119
1140 1 raw 115.0 1.0000 0
1141 2 recon 115.0 1.0000 406
1142 1 raw 113.5 1.0000 0
1143 1 raw 119.5 1.0000 0
1144 2 recon 244.0 1.0000 4259
1145 2 recon 115.0 1.0000 445
1146 2 recon 115.0 1.0000 384
1147 2 recon 113.5 1.0000 330
1148 3 raw 100.0 1.0000 0
1149 2 recon 250.0 1.0000 4222
1150 2 recon 118.0 1.0000 496
1151 2 recon 113.5 1.0000 329
1152 2 recon 118.0 1.0000 403
1153 1 raw 119.5 1.0000 0
1154 2 recon 245.5 1.0000 4225
1155 2 recon 115.0 1.0000 431
1156 1 raw 112.0 1.0000 0
1157 2 recon 119.5 1.0000 631
1158 1 raw 119.5 1.0000 0
1159 2 recon 271.0 1.0000 4947
1160 2 recon 115.0 1.0000 436
1161 2 recon 113.5 1.0000 356
1162 2 recon 116.5 1.0000 410
1163 1 raw 119.5 1.0000 0
1164 2 recon 196.0 1.0000 3120
1165 2 recon 122.5 1.0000 681
1166 2 recon 124.0 1.0000 795
1167 2 recon 122.5 1.0000 691
1168 2 recon 152.5 1.0000 1374
1169 2 recon 143.5 1.0000 1243
1170 2 recon 124.0 1.0000 789
1171 2 recon 128.5 1.0000 972
1172 2 recon 118.0 1.0000 602
1173 2 recon 155.5 1.0000 1679
1174 2 recon 151.0 1.0000 1619
1175 2 recon 116.5 1.0000 418
1176 2 recon 113.5 1.0000 404
1177 2 recon 113.5 1.0000 349
1178 2 recon 142.0 1.0000 951
1179 2 recon 260.5 1.0000 4923
1180 2 recon 121.0 1.0000 679
1181 2 recon 118.0 1.0000 543
1182 2 recon 124.0 1.0000 708
1183 1 raw 127.0 1.0000 0
1184 2 recon 268.0 1.0000 5204
1185 1 raw 160.0 1.0000 0
1186 2 recon 158.5 1.0000 1513
1187 1 raw 149.5 1.0000 0
1188 2 recon 137.5 1.0000 1244
1189 2 recon 143.5 1.0000 1096
1190 2 recon 113.5 1.0000 314
1191 2 recon 116.5 1.0000 374
1192 1 raw 130.0 1.0000 0
1193 2 recon 175.0 1.0000 1803
1194 2 recon 173.5 1.0000 2155
1195 2 recon 116.5 1.0000 381
1196 2 recon 118.0 1.0000 417
1197 2 recon 121.0 1.0000 522
1198 2 recon 128.5 1.0000 637
1199 2 recon 158.5 1.0000 1877
1200 2 recon 122.5 1.0000 703
1201 2 recon 119.5 1.0000 611
1202 2 recon 121.0 1.0000 650
1203 2 recon 205.0 1.0000 3332
1204 2 recon 209.5 1.0000 3902
1205 1 raw 119.5 1.0000 0
1206 2 recon 128.5 1.0000 932
1207 2 recon 130.0 1.0000 903
1208 2 recon 155.5 1.0000 1812
1209 2 recon 158.5 1.0000 2102
1210 2 recon 115.0 1.0000 469
1211 2 recon 127.0 1.0000 833
1212 2 recon 127.0 1.0000 838
1213 2 recon 208.0 1.0000 3439
1214 2 recon 151.0 1.0000 1571
1215 2 recon 113.5 1.0000 316
1216 2 recon 118.0 1.0000 389
1217 2 recon 115.0 1.0000 322
1218 2 recon 158.5 1.0000 1503
1219 2 recon 137.5 1.0000 1244
1220 2 recon 118.0 1.0000 554
1221 2 recon 127.0 1.0000 801
1222 2 recon 121.0 1.0000 615
1223 2 recon 199.0 1.0000 2659
1224 2 recon 158.5 1.0000 1962
1225 2 recon 118.0 1.0000 594
1226 2 recon 119.5 1.0000 620
1227 1 raw 113.5 1.0000 0
1228 2 recon 140.5 1.0000 1222
1229 2 recon 148.0 1.0000 1565
1230 2 recon 119.5 1.0000 631
1231 2 recon 121.0 1.0000 695
1232 2 recon 130.0 1.0000 986
1233 2 recon 127.0 1.0000 853
1234 2 recon 140.5 1.0000 1322
1235 2 recon 122.5 1.0000 712
1236 2 recon 122.5 1.0000 725
1237 2 recon 122.5 1.0000 718
1238 2 recon 137.5 1.0000 1250
1240 2 recon 140.5 1.0000 1094
1241 2 recon 127.0 1.0000 652
1242 2 recon 133.0 1.0000 911
1243 2 recon 133.0 1.0000 879
1244 2 recon 118.0 1.0000 315
1245 2 recon 142.0 1.0000 1224
1246 2 recon 148.0 1.0000 1507
1247 2 recon 137.5 1.0000 1030
1248 2 recon 125.5 1.0000 741
1249 1 raw 137.5 1.0000 0
1250 2 recon 179.5 1.0000 2373
1251 2 recon 139.0 1.0000 1350
1252 2 recon 155.5 1.0000 1762
1253 2 recon 148.0 1.0000 1693
1254 1 raw 128.5 1.0000 0
1255 2 recon 119.5 1.0000 450
1256 2 recon 154.0 1.0000 2025
1257 2 recon 125.5 1.0000 861
1258 2 recon 122.5 1.0000 784
1259 2 recon 134.5 1.0000 1162
1260 2 recon 122.5 1.0000 705
1261 2 recon 142.0 1.0000 1405
1262 2 recon 137.5 1.0000 1227
1263 2 recon 142.0 1.0000 1440
1264 2 recon 136.0 1.0000 1221
1265 1 raw 125.5 1.0000 0
1266 2 recon 139.0 1.0000 1484
1267 2 recon 125.5 1.0000 842
1268 2 recon 125.5 1.0000 868
1269 2 recon 125.5 1.0000 820
1270 2 recon 130.0 1.0000 1015
1271 2 recon 128.5 1.0000 902
1272 2 recon 136.0 1.0000 989
1273 2 recon 121.0 1.0000 569
1274 2 recon 125.5 1.0000 701
1275 2 recon 145.0 1.0000 1342
1276 2 recon 128.5 1.0000 834
1277 2 recon 118.0 1.0000 454
1278 2 recon 116.5 1.0000 435
1279 2 recon 119.5 1.0000 545
1280 2 recon 121.0 1.0000 394
1281 2 recon 125.5 1.0000 687
1282 2 recon 115.0 1.0000 329
1283 2 recon 119.5 1.0000 502
1284 2 recon 119.5 1.0000 459
1285 2 recon 121.0 1.0000 412
1286 2 recon 146.5 1.0000 1349
1287 2 recon 128.5 1.0000 943
1288 2 recon 122.5 1.0000 730
1289 2 recon 125.5 1.0000 842
1290 2 recon 145.0 1.0000 1343
1291 2 recon 145.0 1.0000 1241
1292 2 recon 134.5 1.0000 915
1293 2 recon 130.0 1.0000 889
1294 2 recon 121.0 1.0000 648
1295 1 raw 136.0 1.0000 0
1296 2 recon 124.0 1.0000 800
1297 2 recon 139.0 1.0000 1386
1298 2 recon 121.0 1.0000 782
1299 2 recon 121.0 1.0000 710
1300 2 recon 121.0 1.0000 699
1301 2 recon 118.0 1.0000 548
1302 2 recon 131.5 1.0000 1037
1303 2 recon 119.5 1.0000 495
1304 2 recon 116.5 1.0000 431
1305 2 recon 118.0 1.0000 424
1306 2 recon 127.0 1.0000 684
1307 2 recon 154.0 1.0000 1930
1308 2 recon 124.0 1.0000 816
1309 2 recon 130.0 1.0000 998
1310 2 recon 124.0 1.0000 815
1311 2 recon 128.5 1.0000 927
1312 2 recon 130.0 1.0000 943
1313 2 recon 115.0 1.0000 464
1314 2 recon 118.0 1.0000 571
1315 2 recon 116.5 1.0000 501
1316 2 recon 127.0 1.0000 878
1317 2 recon 160.0 1.0000 2000
1318 1 raw 119.5 1.0000 0
1319 2 recon 118.0 1.0000 536
1320 2 recon 119.5 1.0000 599
1321 1 raw 121.0 1.0000 0
1322 2 recon 137.5 1.0000 1240
1323 2 recon 122.5 1.0000 727
1324 2 recon 124.0 1.0000 749
1325 2 recon 127.0 1.0000 795
1326 2 recon 134.5 1.0000 1001
1327 2 recon 124.0 1.0000 810
1328 2 recon 115.0 1.0000 479
1329 2 recon 119.5 1.0000 598
1330 2 recon 124.0 1.0000 782
1331 1 raw 121.0 1.0000 0
1332 2 recon 125.5 1.0000 949
1333 2 recon 116.5 1.0000 524
1334 2 recon 124.0 1.0000 804
1335 2 recon 133.0 1.0000 1137
1336 2 recon 121.0 1.0000 678
1337 2 recon 128.5 1.0000 980
1338 2 recon 125.5 1.0000 827
1339 2 recon 125.5 1.0000 848
1340 2 recon 122.5 1.0000 722
1341 2 recon 140.5 1.0000 1307
1342 2 recon 125.5 1.0000 900
1343 2 recon 121.0 1.0000 699
1344 2 recon 115.0 1.0000 474
1345 2 recon 121.0 1.0000 725
1346 2 recon 169.0 1.0000 2261
1347 2 recon 121.0 1.0000 733
1348 2 recon 133.0 1.0000 1111
1349 2 recon 127.0 1.0000 946
1350 2 recon 122.5 1.0000 736
1351 1 raw 134.5 1.0000 0
1352 2 recon 130.0 1.0000 1006
1353 1 raw 118.0 1.0000 0
1354 1 raw 118.0 1.0000 0
1355 1 raw 118.0 1.0000 0
1356 2 recon 139.0 1.0000 1084
1357 2 recon 127.0 1.0000 857
1358 1 raw 122.5 1.0000 0
1359 1 raw 133.0 1.0000 0
1360 1 raw 133.0 1.0000 0
1361 2 recon 167.5 1.0000 1813
1362 2 recon 134.5 1.0000 1130
1363 2 recon 121.0 1.0000 668
1364 2 recon 124.0 1.0000 828
1365 1 raw 124.0 1.0000 0
1366 2 recon 145.0 1.0000 1369
1367 2 recon 163.0 1.0000 2023
1368 2 recon 127.0 1.0000 800
1369 2 recon 127.0 1.0000 798
1370 2 recon 127.0 1.0000 811
1371 2 recon 142.0 1.0000 1235
1372 2 recon 118.0 1.0000 594
1373 2 recon 110.5 1.0000 281
1374 2 recon 112.0 1.0000 323
1375 2 recon 112.0 1.0000 316
1376 2 recon 224.5 1.0000 3483
1377 2 recon 146.5 1.0000 1563
1378 2 recon 122.5 1.0000 823
1379 2 recon 121.0 1.0000 730
1380 2 recon 121.0 1.0000 677
1381 2 recon 130.0 1.0000 915
1382 2 recon 118.0 1.0000 420
1383 2 recon 128.5 1.0000 1250
1384 2 recon 131.5 1.0000 1164
1385 2 recon 124.0 1.0000 944
1386 2 recon 116.5 1.0000 580
1387 2 recon 142.0 1.0000 1389
1388 2 recon 113.5 1.0000 410
1389 2 recon 115.0 1.0000 402
1390 2 recon 115.0 1.0000 416
1391 2 recon 119.5 1.0000 560
1392 2 recon 152.5 1.0000 1551
1393 2 recon 173.5 1.0000 2653
1394 2 recon 130.0 1.0000 1020
1395 2 recon 119.5 1.0000 566
1396 2 recon 121.0 1.0000 615
1397 2 recon 142.0 1.0000 1425
1398 2 recon 125.5 1.0000 818
1399 2 recon 118.0 1.0000 512
1400 2 recon 124.0 1.0000 745
1401 2 recon 121.0 1.0000 660
1402 2 recon 134.5 1.0000 1032
1403 2 recon 127.0 1.0000 1015
1404 2 recon 133.0 1.0000 1115
1405 2 recon 127.0 1.0000 916
1406 2 recon 130.0 1.0000 1068
1407 2 recon 185.5 1.0000 2543
1408 2 recon 134.5 1.0000 1147
1409 2 recon 118.0 1.0000 500
1410 2 recon 124.0 1.0000 902
1411 1 raw 122.5 1.0000 0
1412 2 recon 143.5 1.0000 1436
1413 2 recon 112.0 1.0000 474
1414 2 recon 133.0 1.0000 1342
1415 2 recon 134.5 1.0000 1376
1416 1 raw 145.0 1.0000 0
1417 2 recon 151.0 1.0000 1678
1418 2 recon 131.5 1.0000 1138
1419 1 raw 119.5 1.0000 0
1420 2 recon 121.0 1.0000 774
1421 2 recon 124.0 1.0000 866
1422 2 recon 134.5 1.0000 1073
1423 2 recon 182.5 1.0000 2754
1424 1 raw 127.0 1.0000 0
1425 1 raw 140.5 1.0000 0
1426 2 recon 130.0 1.0000 1076
1427 2 recon 130.0 1.0000 940
1428 2 recon 167.5 1.0000 2136
1429 2 recon 142.0 1.0000 1450
1430 2 recon 128.5 1.0000 892
1431 2 recon 127.0 1.0000 998
1432 2 recon 125.5 1.0000 819
1433 1 raw 124.0 1.0000 0
1434 2 recon 125.5 1.0000 879
1435 2 recon 122.5 1.0000 752
1436 2 recon 127.0 1.0000 850
1437 2 recon 124.0 1.0000 814
1438 2 recon 121.0 1.0000 672
1439 2 recon 131.5 1.0000 1001
1440 2 recon 121.0 1.0000 637
1441 2 recon 121.0 1.0000 664
1442 2 recon 133.0 1.0000 1024
1443 1 raw 121.0 1.0000 0
1444 2 recon 128.5 1.0000 956
1445 2 recon 122.5 1.0000 702
1446 2 recon 131.5 1.0000 1094
1447 2 recon 125.5 1.0000 825
1448 1 raw 124.0 1.0000 0
1449 2 recon 121.0 1.0000 655
1450 2 recon 124.0 1.0000 838
1451 2 recon 122.5 1.0000 822
1452 2 recon 124.0 1.0000 779
1453 1 raw 133.0 1.0000 0
1454 2 recon 139.0 1.0000 1271
1455 2 recon 128.5 1.0000 973
1456 1 raw 134.5 1.0000 0
1457 2 recon 142.0 1.0000 1490
1458 1 raw 118.0 1.0000 0
1459 2 recon 151.0 1.0000 2036
1460 2 recon 133.0 1.0000 1062
1461 1 raw 124.0 1.0000 0
1462 2 recon 133.0 1.0000 1194
1463 2 recon 157.0 1.0000 1911
1464 2 recon 125.5 1.0000 863
1465 2 recon 119.5 1.0000 586
1466 2 recon 130.0 1.0000 921
1467 2 recon 119.5 1.0000 617
1468 2 recon 134.5 1.0000 1066
1469 2 recon 173.5 1.0000 2296
1470 2 recon 124.0 1.0000 806
1471 2 recon 127.0 1.0000 814
1472 2 recon 139.0 1.0000 1137
1473 2 recon 137.5 1.0000 1128
1474 1 raw 121.0 1.0000 0
1475 2 recon 145.0 1.0000 1376
1476 1 raw 121.0 1.0000 0
1477 1 raw 119.5 1.0000 0
1478 1 raw 119.5 1.0000 0
1479 2 recon 116.5 1.0000 494
1480 2 recon 133.0 1.0000 1044
1481 2 recon 128.5 1.0000 870
1482 2 recon 124.0 1.0000 762
1483 2 recon 134.5 1.0000 1113
1484 1 raw 121.0 1.0000 0
1485 2 recon 133.0 1.0000 1006
1486 1 raw 142.0 1.0000 0
1487 2 recon 134.5 1.0000 979
1488 2 recon 154.0 1.0000 1609
1489 2 recon 146.5 1.0000 1563
1490 1 raw 148.0 1.0000 0
1491 2 recon 160.0 1.0000 1796
1492 2 recon 124.0 1.0000 592
1493 2 recon 149.5 1.0000 1367
1494 2 recon 134.5 1.0000 940
1495 2 recon 133.0 1.0000 837
1496 2 recon 131.5 1.0000 854
1497 1 raw 134.5 1.0000 0
1498 2 recon 143.5 1.0000 1495
1499 1 raw 154.0 1.0000 0
1500 2 recon 130.0 1.0000 943
1501 2 recon 130.0 1.0000 933
1502 1 raw 133.0 1.0000 0
1503 2 recon 134.5 1.0000 1175
1504 2 recon 118.0 1.0000 631
1505 2 recon 118.0 1.0000 587
1506 2 recon 121.0 1.0000 687
1507 2 recon 142.0 1.0000 1298
1508 2 recon 122.5 1.0000 936
1509 1 raw 119.5 1.0000 0
1510 2 recon 142.0 1.0000 1530
1511 2 recon 142.0 1.0000 1644
1512 2 recon 140.5 1.0000 1380
1513 2 recon 121.0 1.0000 714
1514 2 recon 116.5 1.0000 500
1515 2 recon 122.5 1.0000 644
1516 2 recon 124.0 1.0000 703
1517 2 recon 145.0 1.0000 1259
1518 2 recon 133.0 1.0000 1040
1519 2 recon 121.0 1.0000 579
1520 2 recon 118.0 1.0000 522
1521 2 recon 121.0 1.0000 627
1522 1 raw 131.5 1.0000 0
1523 2 recon 136.0 1.0000 1186
1524 2 recon 121.0 1.0000 602
1525 2 recon 119.5 1.0000 543
1526 2 recon 124.0 1.0000 736
1527 1 raw 139.0 1.0000 0
1528 2 recon 136.0 1.0000 1105
1529 1 raw 122.5 1.0000 0
1530 1 raw 115.0 1.0000 0
1531 1 raw 130.0 1.0000 0
1532 1 raw 125.5 1.0000 0
1533 6 raw 100.0 1.0000 0
1534 1 raw 101.5 1.0000 0
1535 2 recon 146.5 1.0000 1170
1536 2 recon 145.0 1.0000 1111
1537 2 recon 169.0 1.0000 1617
1538 2 recon 115.0 1.0000 503
1539 2 recon 124.0 1.0000 674
1540 2 recon 124.0 1.0000 647
1541 2 recon 113.5 1.0000 457
1542 2 recon 110.5 1.0000 383
1543 2 recon 134.5 1.0000 979
1544 2 recon 107.5 1.0000 259
1545 2 recon 145.0 1.0000 1302
1546 2 recon 133.0 1.0000 929
1547 2 recon 133.0 1.0000 900
1548 2 recon 121.0 1.0000 592
1549 2 recon 214.0 1.0000 3862
1550 2 recon 125.5 1.0000 675
1551 2 recon 118.0 1.0000 571
1552 2 recon 119.5 1.0000 664
1553 2 recon 124.0 1.0000 458
1554 1 raw 124.0 1.0000 0
1555 1 raw 130.0 1.0000 0
1556 2 recon 167.5 1.0000 1597
1557 2 recon 118.0 1.0000 432
1558 2 recon 113.5 1.0000 356
1559 2 recon 134.5 1.0000 801
1560 1 raw 112.0 1.0000 0
1561 1 raw 124.0 1.0000 0
1562 2 recon 124.0 1.0000 496
1563 2 recon 133.0 1.0000 722
1564 2 recon 142.0 1.0000 1112
1565 2 recon 121.0 1.0000 500
1566 2 recon 116.5 1.0000 392
1567 2 recon 139.0 1.0000 966
1568 1 raw 112.0 1.0000 0
1569 2 recon 125.5 1.0000 507
1570 2 recon 128.5 1.0000 641
1571 2 recon 128.5 1.0000 584
1572 1 raw 170.5 1.0000 0
1573 2 recon 113.5 1.0000 332
1574 2 recon 121.0 1.0000 571
1575 2 recon 134.5 1.0000 820
1576 1 raw 112.0 1.0000 0
1577 2 recon 124.0 1.0000 509
1578 2 recon 113.5 1.0000 280
1579 2 recon 110.5 1.0000 230
1580 2 recon 163.0 1.0000 1560
1581 1 raw 125.5 1.0000 0
1582 2 recon 116.5 1.0000 398
1583 2 recon 128.5 1.0000 601
1584 1 raw 164.5 1.0000 0
1585 2 recon 119.5 1.0000 469
1586 2 recon 110.5 1.0000 202
1587 2 recon 115.0 1.0000 374
1588 2 recon 112.0 1.0000 411
1589 1 raw 146.5 1.0000 0
1590 2 recon 131.5 1.0000 733
1591 2 recon 136.0 1.0000 798
1592 1 raw 112.0 1.0000 0
1593 2 recon 118.0 1.0000 456
1594 2 recon 109.0 1.0000 176
1595 1 raw 140.5 1.0000 0
1596 2 recon 115.0 1.0000 469
1597 2 recon 112.0 1.0000 228
1598 2 recon 121.0 1.0000 516
1599 2 recon 109.0 1.0000 191
1600 2 recon 202.0 1.0000 3486
1601 2 recon 110.5 1.0000 243
1602 2 recon 116.5 1.0000 408
1603 1 raw 127.0 1.0000 0
1604 2 recon 139.0 1.0000 1193
1605 2 recon 125.5 1.0000 506
1606 1 raw 125.5 1.0000 0
1607 1 raw 125.5 1.0000 0
1608 2 recon 133.0 1.0000 837
1609 2 recon 110.5 1.0000 209
1610 2 recon 112.0 1.0000 259
1611 2 recon 113.5 1.0000 332
1612 2 recon 121.0 1.0000 634
1613 2 recon 118.0 1.0000 428
1614 2 recon 119.5 1.0000 508
1615 2 recon 110.5 1.0000 226
1616 2 recon 137.5 1.0000 792
1617 2 recon 115.0 1.0000 364
1618 2 recon 134.5 1.0000 871
1619 2 recon 115.0 1.0000 340
1620 2 recon 116.5 1.0000 544
1621 2 recon 116.5 1.0000 450
1622 2 recon 112.0 1.0000 229
1623 2 recon 115.0 1.0000 400
1624 2 recon 167.5 1.0000 1465
1625 2 recon 109.0 1.0000 168
1626 2 recon 110.5 1.0000 209
1627 2 recon 109.0 1.0000 208
1628 2 recon 112.0 1.0000 456
1629 2 recon 115.0 1.0000 341
1630 2 recon 110.5 1.0000 214
1631 2 recon 113.5 1.0000 321
1632 2 recon 145.0 1.0000 973
1633 1 raw 119.5 1.0000 0
1634 1 raw 121.0 1.0000 0
1635 2 recon 124.0 1.0000 725
1636 2 recon 106.0 1.0000 260
1637 2 recon 130.0 1.0000 742
1638 2 recon 137.5 1.0000 937
1639 2 recon 143.5 1.0000 972
1640 1 raw 113.5 1.0000 0
1641 2 recon 113.5 1.0000 327
1642 2 recon 113.5 1.0000 318
1643 2 recon 115.0 1.0000 346
1644 2 recon 119.5 1.0000 565
1645 2 recon 112.0 1.0000 277
1646 2 recon 115.0 1.0000 391
1647 2 recon 112.0 1.0000 278
1648 2 recon 136.0 1.0000 813
1649 2 recon 115.0 1.0000 350
1650 2 recon 113.5 1.0000 280
1651 2 recon 113.5 1.0000 269
1652 2 recon 118.0 1.0000 564
1653 2 recon 131.5 1.0000 709
1654 2 recon 127.0 1.0000 566
1655 2 recon 127.0 1.0000 577
1656 1 raw 110.5 1.0000 0
1657 2 recon 113.5 1.0000 322
1658 2 recon 113.5 1.0000 340
1659 2 recon 110.5 1.0000 255
1660 2 recon 131.5 1.0000 981
1661 2 recon 121.0 1.0000 366
1662 2 recon 128.5 1.0000 614
1663 2 recon 122.5 1.0000 440
1664 1 raw 106.0 1.0000 0
1665 2 recon 128.5 1.0000 1026
1666 2 recon 122.5 1.0000 772
1667 2 recon 121.0 1.0000 723
1668 2 recon 139.0 1.0000 1415
1669 1 raw 148.0 1.0000 0
1670 1 raw 143.5 1.0000 0
1671 1 raw 146.5 1.0000 0
1672 1 raw 116.5 1.0000 0
1673 1 raw 127.0 1.0000 0
1674 2 recon 115.0 1.0000 368
1675 2 recon 130.0 1.0000 681
1676 2 recon 148.0 1.0000 1184
1677 2 recon 125.5 1.0000 552
1678 2 recon 130.0 1.0000 717
1679 2 recon 115.0 1.0000 356
1680 1 raw 112.0 1.0000 0
1681 2 recon 112.0 1.0000 290
1682 2 recon 130.0 1.0000 706
1683 1 raw 131.5 1.0000 0
1684 2 recon 124.0 1.0000 806
1685 2 recon 115.0 1.0000 349
1686 2 recon 128.5 1.0000 645
1687 2 recon 113.5 1.0000 321
1688 1 raw 112.0 1.0000 0
1689 1 raw 127.0 1.0000 0
1690 2 recon 130.0 1.0000 714
1691 2 recon 127.0 1.0000 622
1692 2 recon 115.0 1.0000 541
1693 2 recon 137.5 1.0000 1017
1694 2 recon 131.5 1.0000 880
1695 2 recon 121.0 1.0000 569
1696 1 raw 112.0 1.0000 0
1697 6 raw 100.0 1.0000 0
1698 1 raw 101.5 1.0000 0
1699 2 recon 112.0 1.0000 372
1700 2 recon 112.0 1.0000 371
1701 2 recon 109.0 1.0000 293
1702 2 recon 116.5 1.0000 488
1703 2 recon 115.0 1.0000 429
1704 2 recon 118.0 1.0000 495
1705 2 recon 130.0 1.0000 773
1706 2 recon 131.5 1.0000 754
1707 2 recon 134.5 1.0000 898
1708 2 recon 116.5 1.0000 516
1709 2 recon 121.0 1.0000 549
1710 2 recon 134.5 1.0000 870
1711 2 recon 119.5 1.0000 670
1712 2 recon 127.0 1.0000 812
1713 2 recon 112.0 1.0000 362
1714 2 recon 124.0 1.0000 683
1715 2 recon 113.5 1.0000 422
1716 2 recon 118.0 1.0000 546
1717 2 recon 116.5 1.0000 332
1718 2 recon 112.0 1.0000 252
1719 2 recon 122.5 1.0000 470
1720 2 recon 169.0 1.0000 1916
1721 2 recon 119.5 1.0000 480
1722 2 recon 119.5 1.0000 511
1723 2 recon 110.5 1.0000 225
1724 2 recon 152.5 1.0000 1247
1725 2 recon 118.0 1.0000 394
1726 2 recon 116.5 1.0000 354
1727 2 recon 121.0 1.0000 446
1728 2 recon 155.5 1.0000 1762
1729 2 recon 121.0 1.0000 553
1730 2 recon 124.0 1.0000 644
1731 2 recon 110.5 1.0000 222
1732 2 recon 143.5 1.0000 1047
1733 2 recon 112.0 1.0000 241
1734 2 recon 115.0 1.0000 392
1735 2 recon 116.5 1.0000 375
1736 2 recon 193.0 1.0000 2539
1737 2 recon 112.0 1.0000 275
1738 2 recon 116.5 1.0000 432
1739 2 recon 121.0 1.0000 530
1740 2 recon 131.5 1.0000 778
1741 2 recon 109.0 1.0000 170
1742 2 recon 109.0 1.0000 195
1743 2 recon 110.5 1.0000 209
1744 2 recon 122.5 1.0000 732
1745 2 recon 110.5 1.0000 213
1746 2 recon 118.0 1.0000 473
1747 2 recon 119.5 1.0000 473
1748 1 raw 112.0 1.0000 0
1749 2 recon 118.0 1.0000 426
1750 2 recon 113.5 1.0000 340
1751 2 recon 112.0 1.0000 261
1752 2 recon 112.0 1.0000 378
1753 2 recon 118.0 1.0000 388
1754 2 recon 115.0 1.0000 397
1755 2 recon 121.0 1.0000 526
1756 1 raw 112.0 1.0000 0
1757 2 recon 112.0 1.0000 230
1758 2 recon 110.5 1.0000 213
1759 2 recon 112.0 1.0000 256
1760 2 recon 115.0 1.0000 523
1761 2 recon 116.5 1.0000 387
1762 2 recon 119.5 1.0000 552
1763 2 recon 113.5 1.0000 338
1764 1 raw 116.5 1.0000 0
1765 2 recon 113.5 1.0000 260
1766 2 recon 118.0 1.0000 358
1767 2 recon 113.5 1.0000 241
1768 2 recon 110.5 1.0000 327
1769 2 recon 131.5 1.0000 649
1770 2 recon 134.5 1.0000 700
1771 2 recon 136.0 1.0000 799
1772 1 raw 112.0 1.0000 0
1773 2 recon 109.0 1.0000 162
1774 2 recon 112.0 1.0000 238
1775 2 recon 118.0 1.0000 394
1776 2 recon 143.5 1.0000 1115
1777 2 recon 121.0 1.0000 454
1778 2 recon 115.0 1.0000 300
1779 2 recon 118.0 1.0000 397
1780 1 raw 112.0 1.0000 0
1781 2 recon 115.0 1.0000 364
1782 2 recon 119.5 1.0000 452
1783 2 recon 118.0 1.0000 463
1784 2 recon 112.0 1.0000 380
1785 2 recon 118.0 1.0000 427
1786 2 recon 122.5 1.0000 542
1787 2 recon 116.5 1.0000 358
1788 1 raw 112.0 1.0000 0
1789 2 recon 116.5 1.0000 423
1790 2 recon 116.5 1.0000 360
1791 2 recon 115.0 1.0000 279
1792 2 recon 161.5 1.0000 1515
1793 1 raw 130.0 1.0000 0
1794 2 recon 128.5 1.0000 617
1795 2 recon 130.0 1.0000 702
1796 2 recon 119.5 1.0000 381
1797 2 recon 118.0 1.0000 483
1798 2 recon 115.0 1.0000 347
1799 2 recon 113.5 1.0000 314
1800 2 recon 128.5 1.0000 924
1801 2 recon 122.5 1.0000 600
1802 2 recon 113.5 1.0000 308
1803 2 recon 119.5 1.0000 495
1804 2 recon 131.5 1.0000 767
1805 2 recon 119.5 1.0000 508
1806 2 recon 116.5 1.0000 381
1807 2 recon 119.5 1.0000 490
1808 2 recon 154.0 1.0000 1426
1809 2 recon 119.5 1.0000 453
1810 2 recon 118.0 1.0000 440
1811 2 recon 119.5 1.0000 477
1812 2 recon 130.0 1.0000 608
1813 2 recon 121.0 1.0000 523
1814 2 recon 119.5 1.0000 523
1815 2 recon 118.0 1.0000 401
1816 2 recon 119.5 1.0000 655
1817 2 recon 118.0 1.0000 477
1818 2 recon 118.0 1.0000 517
1819 2 recon 121.0 1.0000 571
1820 2 recon 119.5 1.0000 440
1821 2 recon 116.5 1.0000 426
1822 2 recon 113.5 1.0000 325
1823 2 recon 116.5 1.0000 439
1824 2 recon 128.5 1.0000 956
1825 2 recon 124.0 1.0000 682
1826 2 recon 125.5 1.0000 726
1827 2 recon 122.5 1.0000 644
1828 1 raw 112.0 1.0000 0
1829 2 recon 115.0 1.0000 391
1830 2 recon 115.0 1.0000 401
1831 2 recon 118.0 1.0000 537
1832 2 recon 134.5 1.0000 1152
1833 2 recon 131.5 1.0000 827
1834 2 recon 125.5 1.0000 699
1835 2 recon 136.0 1.0000 1067
1836 1 raw 113.5 1.0000 0
1837 2 recon 113.5 1.0000 338
1838 2 recon 112.0 1.0000 239
1839 2 recon 113.5 1.0000 263
1840 2 recon 128.5 1.0000 718
1841 2 recon 121.0 1.0000 438
1842 2 recon 124.0 1.0000 487
1843 2 recon 128.5 1.0000 596
1844 2 recon 113.5 1.0000 222
1845 2 recon 113.5 1.0000 278
1846 2 recon 113.5 1.0000 284
1847 2 recon 115.0 1.0000 347
1848 2 recon 119.5 1.0000 476
1849 2 recon 128.5 1.0000 581
1850 1 raw 145.0 1.0000 0
1851 2 recon 145.0 1.0000 934
1852 1 raw 110.5 1.0000 0
1853 2 recon 118.0 1.0000 417
1854 2 recon 118.0 1.0000 428
1855 2 recon 112.0 1.0000 299
1856 2 recon 139.0 1.0000 994
1857 2 recon 157.0 1.0000 1154
1858 1 raw 143.5 1.0000 0
1859 1 raw 148.0 1.0000 0
1860 2 recon 116.5 1.0000 283
1861 1 raw 100.0 1.0000 0
1862 1 raw 100.0 1.0000 0
1863 2 recon 100.0 1.0000 119
1864 2 recon 100.0 1.0000 117
1865 2 recon 100.0 1.0000 306
1866 2 recon 100.0 1.0000 73
1867 2 recon 100.0 1.0000 129
1868 2 recon 100.0 1.0000 129
1869 2 raw 100.0 1.0000 0
1870 1 raw 101.5 1.0000 0
1871 2 recon 101.5 1.0000 64
1872 1 raw 101.5 1.0000 0
1873 2 recon 101.5 1.0000 64
1874 2 recon 101.5 1.0000 66
1875 1 raw 101.5 1.0000 0
1876 2 recon 140.5 1.0000 1471
1877 1 raw 112.0 1.0000 0
1878 1 raw 112.0 1.0000 0
1879 2 recon 113.5 1.0000 451
1880 2 recon 145.0 1.0000 1618
1881 2 recon 134.5 1.0000 997
1882 2 recon 116.5 1.0000 520
1883 2 recon 122.5 1.0000 692
1884 2 recon 115.0 1.0000 454
1885 1 raw 122.5 1.0000 0
1886 2 recon 170.5 1.0000 2579
1887 2 recon 131.5 1.0000 1110
1888 2 recon 137.5 1.0000 1348
1889 1 raw 119.5 1.0000 0
1890 2 recon 128.5 1.0000 996
1891 1 raw 118.0 1.0000 0
1892 2 recon 119.5 1.0000 617
1893 2 recon 125.5 1.0000 788
1894 1 raw 133.0 1.0000 0
1895 2 recon 115.0 1.0000 529
1896 2 recon 118.0 1.0000 491
1897 2 recon 121.0 1.0000 616
1898 2 recon 121.0 1.0000 607
1899 2 recon 136.0 1.0000 1133
1900 2 recon 128.5 1.0000 1003
1901 1 raw 137.5 1.0000 0
1902 1 raw 122.5 1.0000 0
1903 2 recon 146.5 1.0000 1379
1904 2 raw 100.0 1.0000 0
1905 2 recon 112.0 1.0000 434
1906 2 recon 137.5 1.0000 1134
1907 1 raw 118.0 1.0000 0
1908 2 recon 136.0 1.0000 1131
1909 2 raw 100.0 1.0000 0
1910 2 recon 118.0 1.0000 674
1911 2 recon 116.5 1.0000 414
1912 2 recon 122.5 1.0000 648
1913 2 recon 124.0 1.0000 624
1914 2 raw 100.0 1.0000 0
1915 4 recon 72.7 0.7273 151
1916 3 recon 80.0 0.8000 145
1917 3 recon 66.7 0.6667 142
1918 2 recon 101.5 1.0000 146
1919 12 recon 88.9 0.8889 145
1920 1 raw 101.5 1.0000 0